2.321136951446533
2.3199524879455566
2.297574520111084
2.293586254119873
2.279118537902832
2.2626683712005615
2.2629153728485107
2.250685453414917
2.2095251083374023
2.199552059173584
2.1624343395233154
2.091295003890991
2.103092908859253
2.0432116985321045
2.0365397930145264
1.7775964736938477
1.7831141948699951
1.7609071731567383
2.2099320888519287
2.1947543621063232
1.9150720834732056
2.058981418609619
1.9056506156921387
1.7684409618377686
1.7156345844268799
1.4513367414474487
1.417898416519165
1.3204244375228882
1.3337708711624146
1.390465497970581
1.530320644378662
1.1248345375061035
1.0004661083221436
0.8370676040649414
0.9443286657333374
1.2196409702301025
0.7388896346092224
0.882222056388855
0.6626482009887695
0.5409875512123108
0.5615620017051697
0.637404203414917
0.6074602007865906
0.7087857723236084
0.7163532376289368
0.44597330689430237
0.44600632786750793
0.4431304633617401
0.5216094851493835
0.5049941539764404
0.7222819924354553
0.5060809850692749
0.41512036323547363
0.3362269103527069
0.4304599463939667
0.3662056028842926
0.5052505135536194
0.6796611547470093
0.5160580277442932
0.3486216068267822
0.260821670293808
0.3669032156467438
0.25806620717048645
0.39185771346092224
0.4328238368034363
0.43286263942718506
0.23491699993610382
0.28589630126953125
0.3805226981639862
0.21903806924819946
0.331025630235672
0.2848172187805176
0.3462075889110565
0.21181218326091766
0.14629457890987396
0.22559940814971924
0.1423545479774475
0.2712070643901825
0.280364990234375
0.35838961601257324
0.18936243653297424
0.13615767657756805
0.20565804839134216
0.1354730725288391
0.23365990817546844
0.23925864696502686
0.33028411865234375
0.1831480860710144
0.12255726009607315
0.18460705876350403
0.11592669039964676
0.23365773260593414
0.20764577388763428
0.30909857153892517
0.17488625645637512
0.1079460084438324
0.1698915958404541
0.1004491075873375
0.22253811359405518
0.18167108297348022
0.28498375415802
0.1721622347831726
0.0980587974190712
0.15218451619148254
0.08689851313829422
0.21496444940567017
0.17401939630508423
0.21927332878112793
0.12260565161705017
0.09124144911766052
0.144781693816185
0.043959636241197586
0.1631840318441391
0.1734015941619873
0.20604895055294037
0.0948956236243248
0.07211130857467651
0.13206687569618225
0.04073350876569748
0.15012893080711365
0.1573389619588852
0.19811779260635376
0.08755992352962494
0.06543014198541641
0.12268303334712982
0.03791477158665657
0.1453249305486679
0.14383812248706818
0.18729887902736664
0.08085612952709198
0.06117131933569908
0.11516952514648438
0.035327278077602386
0.1380191296339035
0.13150206208229065
0.17695462703704834
0.07535786926746368
0.057520169764757156
0.10778667777776718
0.032886531203985214
