2.320387840270996
2.2845921516418457
2.292731761932373
2.2250311374664307
2.208024024963379
2.1603755950927734
2.079042434692383
2.0098705291748047
1.987025260925293
1.9588748216629028
1.8063158988952637
1.7520567178726196
1.4805117845535278
1.4741148948669434
1.3902769088745117
1.1372488737106323
1.419858455657959
1.2533340454101562
0.8932775855064392
0.9917934536933899
1.096601128578186
1.3875528573989868
1.3954861164093018
1.13114333152771
0.9141197800636292
0.7912737131118774
0.5766128897666931
0.5255911350250244
0.7088027596473694
0.6017503142356873
0.5417946577072144
0.6127026081085205
0.536339282989502
0.34527838230133057
0.5040038824081421
0.42183029651641846
0.39788153767585754
0.7646306157112122
0.584232747554779
0.5327853560447693
0.511252760887146
0.6218798160552979
0.5633859038352966
0.5680004358291626
0.3196273446083069
0.41649383306503296
0.48423081636428833
0.6290508508682251
0.33524036407470703
0.30250033736228943
0.3608134090900421
0.37104687094688416
0.40253788232803345
0.39645013213157654
0.4341103732585907
0.5099473595619202
0.3087742328643799
0.6340393424034119
0.5115528702735901
0.3568516969680786
0.2566664218902588
0.2842572331428528
0.3820853531360626
0.34924009442329407
0.4459960460662842
0.4232577681541443
0.34094908833503723
0.27557629346847534
0.3541487157344818
0.3096013069152832
0.35306766629219055
0.1854977309703827
0.4838959872722626
0.33963221311569214
0.35254889726638794
0.43563833832740784
0.35851818323135376
0.4876547157764435
0.3416171967983246
0.31049004197120667
0.7428842782974243
0.3251604437828064
0.5548566579818726
0.38383519649505615
0.32721829414367676
0.23472809791564941
0.36303308606147766
0.3280254900455475
0.33458465337753296
0.37468212842941284
0.2911917567253113
0.3696247935295105
0.3573564887046814
0.21364258229732513
0.19871722161769867
0.3083381950855255
0.206990048289299
0.2675204575061798
0.17397938668727875
0.3626130521297455
0.29120075702667236
0.646611750125885
0.24870665371418
0.478067547082901
0.3098396360874176
0.18012118339538574
0.39120495319366455
0.5115184783935547
0.5246663689613342
0.5902959704399109
0.3038329482078552
0.32863444089889526
0.4206542372703552
0.4955118000507355
0.3575246036052704
0.25545865297317505
0.25622037053108215
0.2791315019130707
0.2916949391365051
0.42631956934928894
0.24564148485660553
0.257890909910202
0.5893291234970093
0.37881484627723694
0.3061840236186981
0.34724923968315125
0.5363841652870178
0.21437950432300568
0.496748149394989
0.39811453223228455
0.20357337594032288
0.4152345061302185
0.5478702187538147
0.19347217679023743
0.4535923898220062
0.5462780594825745
0.7711028456687927
0.5202447175979614
0.6024501919746399
0.5167946219444275
0.3059248626232147
0.20521870255470276
0.4821402430534363
0.23845785856246948
0.4727475345134735
0.3088075518608093
0.5024577975273132
0.4730435609817505
0.25960034132003784
0.35770970582962036
0.21246236562728882
0.1305122822523117
0.45876264572143555
0.2210603952407837
0.23725783824920654
0.3111051321029663
0.3900296986103058
0.2390194982290268
0.2641012966632843
0.5237011313438416
0.31604763865470886
0.19443371891975403
0.17144230008125305
0.21189366281032562
0.05438586696982384
0.12553323805332184
0.19843235611915588
0.367592453956604
0.25951993465423584
0.20647506415843964
0.15545368194580078
0.21482916176319122
0.21378754079341888
0.1548650860786438
0.1620943695306778
0.3633066415786743
0.12446783483028412
0.2260761708021164
0.2352435141801834
0.20437362790107727
0.5969094634056091
0.4154273271560669
0.4860159456729889
0.2291635274887085
0.17040705680847168
0.21746325492858887
0.25714439153671265
0.1636134386062622
0.3016066551208496
0.16098619997501373
0.27336764335632324
0.2955915629863739
0.25973936915397644
0.2958712875843048
0.23714575171470642
0.3095680773258209
0.6885606050491333
0.6399198770523071
0.31680265069007874
0.37111037969589233
0.22302745282649994
0.19469420611858368
0.40540358424186707
0.3958463966846466
0.46778395771980286
0.3868158459663391
0.19055812060832977
0.2291017770767212
0.1940390169620514
0.29485127329826355
0.10549549013376236
0.3352385461330414
0.10616280883550644
0.37635231018066406
0.3858638405799866
0.20841753482818604
0.2685229778289795
0.3063544034957886
0.5300657749176025
0.32724234461784363
0.26329952478408813
0.3069027066230774
0.35927221179008484
0.3657494783401489
0.4836254119873047
0.16345740854740143
0.19538705050945282
0.31365302205085754
0.39433157444000244
0.32609477639198303
0.41711777448654175
0.44093087315559387
0.24886566400527954
0.23677900433540344
0.15053687989711761
0.18611717224121094
0.4560633897781372
0.20669350028038025
0.2788940668106079
0.1659364551305771
0.21480487287044525
0.249369278550148
0.3033490777015686
0.2340921312570572
0.10530032962560654
0.2947370409965515
0.3005053400993347
0.2954804301261902
0.182914137840271
0.3536754548549652
0.472438246011734
0.21537798643112183
0.1718629002571106
0.1265234649181366
0.20940753817558289
0.09188088029623032
0.18554210662841797
0.2770458161830902
0.31988829374313354
0.13320183753967285
0.2731613516807556
0.21830271184444427
0.27846091985702515
0.16842608153820038
0.2865651845932007
0.3496520221233368
0.23623692989349365
0.17512591183185577
0.16771794855594635
0.2730105221271515
0.1162419393658638
0.24630935490131378
0.1647813320159912
0.3092844784259796
0.46460622549057007
0.13673391938209534
0.29759806394577026
0.24987861514091492
0.33314475417137146
0.23249852657318115
0.2000948041677475
0.15028727054595947
0.31523221731185913
0.15347345173358917
0.0936765968799591
0.13661518692970276
0.1904030740261078
0.1976371705532074
0.24897301197052002
0.17760132253170013
0.23469901084899902
0.1078319177031517
0.3284614384174347
0.11298579722642899
0.20817993581295013
0.10854983329772949
0.10285599529743195
0.1922379583120346
0.30221742391586304
0.1603834331035614
0.320870578289032
0.15956012904644012
0.3768681287765503
0.18228164315223694
0.2950138747692108
0.29069334268569946
0.08983395248651505
0.09301794320344925
0.042080339044332504
0.25962522625923157
0.11983755975961685
0.22018100321292877
0.3084581792354584
0.2139519900083542
0.1501460075378418
0.5348476767539978
0.12924844026565552
0.24292704463005066
0.11174436658620834
0.1416660100221634
0.0875200554728508
0.3087265193462372
0.1907993108034134
0.37966999411582947
0.3828575313091278
0.23583023250102997
0.2810055613517761
0.34243956208229065
0.20305991172790527
0.27938100695610046
0.23771432042121887
0.23390863835811615
0.127833291888237
0.23076438903808594
0.20708388090133667
0.15598087012767792
0.12325004488229752
0.33970004320144653
0.13817033171653748
0.16778986155986786
0.04681795835494995
0.0681891068816185
0.18996970355510712
0.2587081491947174
0.10109774023294449
0.3020119369029999
0.3094204366207123
0.2967257797718048
0.27427512407302856
0.04761004075407982
0.19844090938568115
0.6187251806259155
0.6374846696853638
0.249225452542305
0.32624825835227966
0.2447851449251175
0.1901252120733261
0.12284165620803833
0.03148676082491875
0.1537802666425705
0.19058865308761597
0.1451490819454193
0.2402755618095398
0.11159178614616394
0.08778142184019089
0.22462274134159088
0.1469353437423706
0.10943887382745743
0.14100737869739532
0.2678009867668152
0.35700523853302
0.15861406922340393
0.29630595445632935
0.18599215149879456
0.33493831753730774
0.20352555811405182
0.13350741565227509
0.12182849645614624
0.21221652626991272
0.3408266305923462
0.06004991754889488
0.15433527529239655
0.28011295199394226
0.29617324471473694
0.41314947605133057
0.34968501329421997
0.24442137777805328
0.3372121751308441
0.11769517511129379
0.26248347759246826
0.16403888165950775
0.09862993657588959
0.15910272300243378
0.26221874356269836
0.08195680379867554
0.16399607062339783
0.09299853444099426
0.0681750699877739
0.19307900965213776
0.3377256691455841
0.1370386928319931
0.14573150873184204
0.22958220541477203
0.3434160649776459
0.11818602681159973
0.1947859227657318
0.15050919353961945
0.20119468867778778
0.15835410356521606
0.14138007164001465
0.17573298513889313
0.19015178084373474
0.309523344039917
0.19807152450084686
0.29542431235313416
0.23204173147678375
0.3753996193408966
0.48219823837280273
0.26191192865371704
0.2897847294807434
0.40378040075302124
0.04347968474030495
0.1171899363398552
0.16101032495498657
0.5382081270217896
0.3201591670513153
0.11963610351085663
0.18340542912483215
0.1232495829463005
0.2565164566040039
0.17309804260730743
0.15159544348716736
0.11952442675828934
0.14577096700668335
0.19721700251102448
0.15526406466960907
0.13443298637866974
0.1055484414100647
0.0724618062376976
0.20786967873573303
0.11045435070991516
0.11765564978122711
0.05830666050314903
0.5719394683837891
0.1533995270729065
0.1957353949546814
0.21251870691776276
0.4704502820968628
0.20733965933322906
0.07051349431276321
0.1668502688407898
0.045914921909570694
0.20183968544006348
0.08909844607114792
0.24121534824371338
0.44052085280418396
0.25402358174324036
0.19300954043865204
0.2150348275899887
0.24916332960128784
0.22680029273033142
0.1063036099076271
0.13693134486675262
0.11396562308073044
0.2579991817474365
0.07802371680736542
0.207853764295578
0.2267637550830841
0.2505238950252533
0.2748660743236542
0.20877526700496674
0.24545195698738098
0.18151810765266418
0.10104390978813171
0.04045373201370239
0.2098860740661621
0.1860891729593277
0.15780147910118103
0.17859281599521637
0.17698095738887787
0.15027526021003723
0.16766907274723053
0.2625994384288788
0.15162155032157898
0.23468276858329773
0.20758222043514252
0.305898517370224
0.42579445242881775
0.20906604826450348
0.2994524836540222
0.3192068338394165
0.20567330718040466
0.14758598804473877
0.2748206853866577
0.32526105642318726
0.32424888014793396
0.1547050029039383
0.26462769508361816
0.0641598254442215
0.2950096130371094
0.2914882302284241
0.13331007957458496
0.36526069045066833
0.24859270453453064
0.1827840507030487
0.3162609338760376
0.2736036777496338
0.20904570817947388
0.13269034028053284
0.026075681671500206
0.24986344575881958
0.10940686613321304
0.3472091853618622
0.1712658852338791
0.13489589095115662
0.07726063579320908
0.13202430307865143
0.13566535711288452
0.09464991092681885
0.11455828696489334
0.2861231565475464
0.19073273241519928
0.14276127517223358
0.14734546840190887
0.07421702891588211
0.09521251171827316
0.14883577823638916
0.3442740738391876
0.06908224523067474
0.10565290600061417
0.042073000222444534
0.08806242048740387
0.20397062599658966
0.04337748512625694
0.16270826756954193
0.05774792656302452
0.10685329139232635
0.27486321330070496
0.08389827609062195
0.2982034683227539
0.22770942747592926
0.2392180860042572
0.25472018122673035
0.16417060792446136
0.30627861618995667
0.21739062666893005
0.10132821649312973
0.12944920361042023
0.08630048483610153
0.13127250969409943
0.20824937522411346
0.07704132050275803
0.11844936013221741
0.12743286788463593
0.3660109043121338
0.04940324276685715
0.20522136986255646
0.10252168029546738
0.0924430564045906
0.07717880606651306
0.12070365995168686
0.17678801715373993
0.11060741543769836
0.20913134515285492
0.2846760153770447
0.21920420229434967
0.22107934951782227
0.09489282220602036
0.10512735694646835
0.18413449823856354
0.12378667294979095
0.1038970798254013
0.05539809539914131
0.055828507989645004
0.14776121079921722
0.18212366104125977
0.17991600930690765
0.10393490642309189
0.20701535046100616
0.2982560992240906
0.1683942675590515
0.0827953964471817
0.26224228739738464
0.4010031223297119
0.2410333752632141
0.3524588346481323
0.3128076195716858
0.061243485659360886
0.16978029906749725
0.32105565071105957
0.20777688920497894
0.1763785481452942
0.17461135983467102
0.10794402658939362
0.09718552976846695
0.06033985689282417
0.0705859586596489
0.12085536122322083
0.2424234002828598
0.17737823724746704
0.1274147778749466
0.17002400755882263
0.14521931111812592
0.17108631134033203
0.12570470571517944
0.16929978132247925
0.08123859018087387
0.03981369733810425
0.15773198008537292
0.17958521842956543
0.030460964888334274
0.11500613391399384
0.24695426225662231
0.20096628367900848
0.3035309910774231
0.2937374711036682
0.20031996071338654
0.182228222489357
0.14194482564926147
0.20656652748584747
0.15354026854038239
0.24762558937072754
0.13901713490486145
0.11627364158630371
0.26096639037132263
0.1361463963985443
0.21901492774486542
0.07581259310245514
0.10866862535476685
0.24973008036613464
0.15607960522174835
0.10866596549749374
0.11040840297937393
0.12191417813301086
0.17041411995887756
0.14656762778759003
0.24154174327850342
0.1397412270307541
0.17472228407859802
0.08618470281362534
0.24819263815879822
0.17648956179618835
0.11547933518886566
0.10645483434200287
0.2516162097454071
0.2792043089866638
0.2095179706811905
0.3175210654735565
0.19739145040512085
0.17993149161338806
0.11231227219104767
0.10790593922138214
0.10769538581371307
0.19688566029071808
0.12223371863365173
0.10864478349685669
0.2573173940181732
0.11482487618923187
0.10201120376586914
0.11992049217224121
0.03276389464735985
0.3522642254829407
0.0858594998717308
0.42486417293548584
0.38371869921684265
0.16014723479747772
0.22110231220722198
0.11017119884490967
0.11761309206485748
0.26803767681121826
0.2691575884819031
0.21326756477355957
0.1402507722377777
0.13456489145755768
0.09050774574279785
0.14118963479995728
0.03122079186141491
0.04167472943663597
0.0920066237449646
0.031099610030651093
0.25124219059944153
0.10795514285564423
0.253294438123703
0.02633780427277088
0.09258539229631424
0.17412644624710083
0.1434239149093628
0.1531561315059662
0.164313405752182
0.1869504153728485
0.09005109965801239
0.21264663338661194
0.16740025579929352
0.10774141550064087
0.29499560594558716
0.15531229972839355
0.06177527457475662
0.08351937681436539
0.06814467906951904
0.08194325864315033
0.21440312266349792
0.15235254168510437
0.13237698376178741
0.08177916705608368
0.12725616991519928
0.17438466846942902
0.16968990862369537
0.10002211481332779
0.06354550272226334
0.14178869128227234
0.240323007106781
0.191579669713974
0.28628042340278625
0.15286016464233398
0.06315682083368301
0.2926672101020813
0.15833476185798645
0.2161637842655182
0.1623460054397583
0.2599208950996399
0.20218372344970703
0.08964068442583084
0.2550126612186432
0.29409703612327576
0.19976405799388885
0.23930905759334564
0.07686041295528412
0.13257843255996704
0.10278914123773575
0.12185151875019073
0.17615030705928802
0.09858624637126923
0.12729224562644958
0.09206771105527878
0.23278412222862244
0.07354947924613953
0.11038412898778915
0.18011806905269623
0.33672797679901123
0.16813547909259796
0.2035323977470398
0.1793166697025299
0.05727911368012428
0.3885507881641388
0.09306224435567856
0.20690086483955383
0.17353248596191406
0.051207881420850754
0.30009499192237854
0.17532847821712494
0.12743742763996124
0.22422035038471222
0.06901993602514267
0.04433385282754898
0.11335083842277527
0.2528875172138214
0.12328828126192093
0.1457500010728836
0.19278308749198914
0.12785379588603973
0.11113673448562622
0.07821814715862274
0.04141085594892502
0.03771413117647171
0.38505661487579346
0.4109787940979004
0.306491494178772
0.0800848975777626
0.2737235128879547
0.11900249123573303
0.11561121046543121
0.03007224015891552
0.12940946221351624
0.3243984580039978
0.31614136695861816
0.19119752943515778
0.2086409330368042
0.11844141781330109
0.10377399623394012
0.5407425165176392
0.09648124128580093
0.06858531385660172
0.23568445444107056
0.0948137491941452
0.29693326354026794
0.08217479288578033
0.2516973912715912
0.43831944465637207
0.08679108321666718
0.278001070022583
0.16442929208278656
0.14049486815929413
0.14687936007976532
0.07285261899232864
0.04291074723005295
0.07739389687776566
0.10744713246822357
0.044447530061006546
0.02893868274986744
0.07227940112352371
0.16439977288246155
0.17095881700515747
0.16193079948425293
0.11131908744573593
0.14750170707702637
0.20232230424880981
0.06293795257806778
0.15404097735881805
0.18862855434417725
0.0375249907374382
0.08824263513088226
0.10389602184295654
0.14145585894584656
0.22739295661449432
0.2945944368839264
0.24427899718284607
0.0981939285993576
0.12242162227630615
0.1325279027223587
0.22129113972187042
0.05241738632321358
0.03638198599219322
0.10164205729961395
0.261966735124588
0.10045529156923294
0.2089381366968155
0.24185757339000702
0.4313161075115204
0.13218916952610016
0.1112612932920456
0.24671562016010284
0.14881077408790588
0.027355503290891647
0.019261103123426437
0.08782598376274109
0.1570630818605423
0.16701500117778778
0.13855551183223724
0.22617918252944946
0.07174713909626007
0.09382112324237823
0.1862461417913437
0.08859898895025253
0.22540362179279327
0.10936744511127472
0.05359610170125961
0.08075065910816193
0.04943012073636055
0.08276687562465668
0.09280770272016525
0.13123780488967896
0.18083813786506653
0.14574883878231049
0.03382561728358269
0.06882154196500778
0.11007250845432281
0.04497736692428589
0.18297883868217468
0.20709259808063507
0.08540044724941254
0.13901397585868835
0.07683520019054413
0.2795366644859314
0.15193918347358704
0.20922578871250153
0.02470053918659687
0.13457539677619934
0.18804693222045898
0.09260725229978561
0.03571021556854248
0.19319838285446167
0.1359996795654297
0.10490621626377106
0.21742622554302216
0.07276709377765656
0.11812127381563187
0.054189421236515045
0.08710944652557373
0.16943657398223877
0.12035293132066727
0.1001286432147026
0.1347718983888626
0.20688477158546448
0.02792426198720932
0.11403478682041168
0.11592576652765274
0.08615851402282715
0.059366825968027115
0.1637701541185379
0.02600162848830223
0.11081364750862122
0.1902032345533371
0.011094576679170132
0.0542435385286808
0.08320517092943192
0.24573448300361633
0.08564399927854538
0.05608150362968445
0.14787441492080688
0.013707391917705536
0.197940856218338
0.18797306716442108
0.18698750436306
0.10304633527994156
0.04600095376372337
0.057577088475227356
0.08579959720373154
0.1734483689069748
0.0061496286652982235
0.0314655676484108
0.057298459112644196
0.02560868114233017
0.07390265166759491
0.04409650340676308
0.06232194975018501
0.08214734494686127
0.09967505186796188
0.0149574875831604
0.06469731032848358
0.17364467680454254
0.04823550954461098
0.0220519807189703
0.01068052090704441
0.005326245911419392
0.008807721547782421
0.05382642149925232
0.16477586328983307
0.15523174405097961
0.06856749951839447
0.018249163404107094
0.10433641076087952
0.0628141388297081
0.144592747092247
0.5780600309371948
0.06435301899909973
0.006170444656163454
0.4323616027832031
0.0181049183011055
