2.301638126373291
2.1589815616607666
2.197150707244873
1.854550838470459
1.5509898662567139
1.8371368646621704
3.3868486881256104
2.15077543258667
2.1472976207733154
2.180511713027954
2.0513148307800293
1.9098944664001465
1.6663838624954224
1.5584110021591187
1.483751893043518
1.44541335105896
1.8261617422103882
1.3464596271514893
1.084389328956604
1.1175315380096436
0.9391311407089233
1.3052849769592285
0.8548563718795776
0.6763793230056763
0.4974709451198578
0.3167530596256256
0.32115796208381653
0.32824817299842834
0.6990227699279785
0.6141812801361084
0.5112929940223694
0.5293679237365723
0.4098239541053772
0.2301492542028427
0.21180054545402527
0.24707762897014618
0.28073930740356445
0.45416104793548584
0.3775580823421478
0.34314656257629395
0.31168070435523987
0.6343060731887817
0.6333317160606384
0.4621151387691498
0.2652590274810791
0.3430553674697876
0.2761881947517395
0.4446606934070587
0.22718815505504608
0.14843250811100006
0.31436318159103394
0.2465820610523224
0.2939830720424652
0.18506601452827454
0.2620275318622589
0.26107504963874817
0.10645190626382828
0.3060145378112793
0.4091387987136841
0.18112684786319733
0.14890214800834656
0.17414677143096924
0.17997735738754272
0.20070289075374603
0.2532511055469513
0.2124379277229309
0.30374449491500854
0.24272136390209198
0.1923104077577591
0.22463451325893402
0.17846956849098206
0.12996266782283783
0.23729440569877625
0.14467662572860718
0.16335032880306244
0.11944186687469482
0.0977245345711708
0.3833511173725128
0.13597209751605988
0.07754778861999512
0.40445205569267273
0.07321886718273163
0.2794080972671509
0.2290799617767334
0.1412535458803177
0.15514005720615387
0.3475441038608551
0.1242174431681633
0.15893986821174622
0.2496419996023178
0.10088540613651276
0.21509836614131927
0.1818501204252243
0.09654641896486282
0.10320233553647995
0.2719741761684418
0.04887473210692406
0.22972525656223297
0.055752549320459366
0.14305856823921204
0.12843634188175201
0.31480956077575684
0.10220476239919662
0.22742466628551483
0.21330463886260986
0.12161453068256378
0.2321702241897583
0.44477730989456177
0.21538585424423218
0.2703571617603302
0.23096808791160583
0.1676371842622757
0.19966037571430206
0.3052648901939392
0.17861728370189667
0.11608431488275528
0.11901343613862991
0.17701569199562073
0.1443256139755249
0.12527985870838165
0.1536230444908142
0.18911872804164886
0.22616466879844666
0.21676005423069
0.22307682037353516
0.22630424797534943
0.3372447192668915
0.07629404217004776
0.3440335988998413
0.23847036063671112
0.1177443414926529
0.09662243723869324
0.3698202073574066
0.06204964965581894
0.1323559582233429
0.3633393943309784
0.43064939975738525
0.2085423767566681
0.2872127890586853
0.3417852818965912
0.24062694609165192
0.06994529813528061
0.27557283639907837
0.08478855341672897
0.18289566040039062
0.12387176603078842
0.1695406436920166
0.25288689136505127
0.19583964347839355
0.10428471118211746
0.068083755671978
0.03884073719382286
0.20170801877975464
0.02852228283882141
0.07888422161340714
0.08358138799667358
0.1358681172132492
0.13777995109558105
0.18861107528209686
0.2633659839630127
0.21612203121185303
0.1288442313671112
0.027734853327274323
0.1018427237868309
0.015439094975590706
0.03212977945804596
0.06207342445850372
0.09968838840723038
0.1449933499097824
0.09714368730783463
0.09516677260398865
0.14876027405261993
0.1003597155213356
0.11783721297979355
0.03442493453621864
0.1571063995361328
0.018373679369688034
0.10872694849967957
0.0745602548122406
0.12294407188892365
0.24777314066886902
0.18754877150058746
0.3108101487159729
0.18814465403556824
0.08120973408222198
0.133625790476799
0.11923032253980637
0.08744252473115921
0.17634473741054535
0.047629907727241516
0.17285196483135223
0.176458477973938
0.059395987540483475
0.11330132931470871
0.07298177480697632
0.1581653356552124
0.33005332946777344
0.3332875669002533
0.1374584436416626
0.09625114500522614
0.08779618889093399
0.053961608558893204
0.14696601033210754
0.18123187124729156
0.17794935405254364
0.13986660540103912
0.13593709468841553
0.0807412639260292
0.07593487203121185
0.1772729903459549
0.08401747792959213
0.165451318025589
0.021974168717861176
0.14171673357486725
0.2055967003107071
0.06655141711235046
0.07378899306058884
0.1313440054655075
0.3035558760166168
0.13502435386180878
0.08920061588287354
0.14564469456672668
0.1257379949092865
0.1622893065214157
0.1499754786491394
0.049525871872901917
0.04937314614653587
0.21088917553424835
0.07049812376499176
0.10560017079114914
0.2325892597436905
0.1394852101802826
0.07620137184858322
0.06790847331285477
0.015584113076329231
0.03740421682596207
0.13586221635341644
0.059534285217523575
0.14417077600955963
0.06968990713357925
0.08112338185310364
0.20732049643993378
0.09589911997318268
0.059080980718135834
0.022860750555992126
0.1076648011803627
0.15274523198604584
0.12247443944215775
0.0989224910736084
0.2049209326505661
0.14139607548713684
0.05773698538541794
0.1184181496500969
0.027219723910093307
0.09699807316064835
0.03349222615361214
0.05391661822795868
0.13166595995426178
0.1224995031952858
0.03808986023068428
0.1499987691640854
0.19692201912403107
0.033206500113010406
0.051780033856630325
0.12444284558296204
0.15525875985622406
0.06009332835674286
0.10366783291101456
0.1124344915151596
0.15993930399417877
0.04354115575551987
0.1600179672241211
0.17356187105178833
0.1339588314294815
0.2501108646392822
0.08590208739042282
0.11478438973426819
0.23594431579113007
0.1712065488100052
0.05040792375802994
0.09352283179759979
0.09796026349067688
0.17781826853752136
0.1519835889339447
0.03661979362368584
0.08092079311609268
0.11933021992444992
0.051234908401966095
0.08865293860435486
0.015972282737493515
0.0901552364230156
0.05467856302857399
0.0997130423784256
0.027442216873168945
0.07862929999828339
0.014196734875440598
0.070041723549366
0.027632461860775948
0.2284887582063675
0.11676889657974243
0.17200176417827606
0.06866355985403061
0.2360101193189621
0.06960532069206238
0.1022833064198494
0.08261368423700333
0.04506462439894676
0.05135752633213997
0.006083464715629816
0.07029492408037186
0.08324915915727615
0.05810215696692467
0.12022430449724197
0.10264427214860916
0.059757404029369354
0.22020553052425385
0.08484628051519394
0.12330979853868484
0.02234109491109848
0.011282891035079956
0.020081058144569397
0.10460647195577621
0.07624169439077377
0.1624031513929367
0.13705991208553314
0.08478983491659164
0.11393995583057404
0.1388438493013382
0.1088171899318695
0.055194221436977386
0.1049513891339302
0.03614956885576248
0.04781263321638107
0.03700292482972145
0.05447236821055412
0.05807562544941902
0.024604037404060364
0.16183681786060333
0.027976106852293015
0.05048443004488945
0.004837341606616974
0.08465489000082016
0.12584111094474792
0.08013394474983215
0.0196578036993742
0.14932937920093536
0.06256503611803055
0.233747199177742
0.0626872256398201
0.012645923532545567
0.03169122710824013
0.16784776747226715
0.14217008650302887
0.12748883664608002
0.05242292210459709
0.1596231311559677
0.04679843783378601
0.039825376123189926
0.011006856337189674
0.02957872487604618
0.11628997325897217
0.04515719413757324
0.04269963130354881
0.015933893620967865
0.0358976349234581
0.04473428055644035
0.04402165859937668
0.0332794114947319
0.1100984439253807
0.05497701093554497
0.12246083468198776
0.016144484281539917
0.15396563708782196
0.19727018475532532
0.08805916458368301
0.06449428200721741
0.06517297029495239
0.07992666214704514
0.02493973821401596
0.054652441293001175
0.011550165712833405
0.026667699217796326
0.04150641709566116
0.05391780287027359
0.13168980181217194
0.06692424416542053
0.034648191183805466
0.18796683847904205
0.09676983952522278
0.09668650478124619
0.030646691098809242
0.01457765232771635
0.04440049082040787
0.046305157244205475
0.04948056861758232
0.13090813159942627
0.014322400093078613
0.012998084537684917
0.1036241203546524
0.19625340402126312
0.13229021430015564
0.15643072128295898
0.08716785907745361
0.2612072825431824
0.061367422342300415
0.08320227265357971
0.14773723483085632
0.09402573853731155
0.06984660774469376
0.05704905465245247
0.045224811881780624
0.07998865097761154
0.237363800406456
0.06482691317796707
0.11801236122846603
0.21395286917686462
0.24966254830360413
0.176121786236763
0.06451508402824402
0.09630240499973297
0.22796954214572906
0.014201956801116467
0.059705186635255814
0.05559418722987175
0.19127902388572693
0.11949433386325836
0.028941016644239426
0.036431629210710526
0.02273123525083065
0.13492383062839508
0.1066841259598732
0.04594886675477028
0.046490877866744995
0.0713602751493454
0.060745663940906525
0.1337139755487442
0.02174834907054901
0.11188097298145294
0.01751713454723358
0.06326413154602051
0.029603250324726105
0.05724814906716347
0.03717183321714401
0.19339194893836975
0.05041680857539177
0.10147132724523544
0.12447497993707657
0.190707266330719
0.1364687979221344
0.08255509287118912
0.07832843065261841
0.02071109041571617
0.05617256835103035
0.0959479808807373
0.0318823978304863
0.06682799011468887
0.13833636045455933
0.05360419675707817
0.05323254317045212
0.06505994498729706
0.02634158730506897
0.042468875646591187
0.030687903985381126
0.09260617196559906
0.1653519868850708
0.018722020089626312
0.06254741549491882
0.12302251160144806
0.053432632237672806
0.1283758282661438
0.08750549703836441
0.06145857274532318
0.05094936117529869
0.048536267131567
0.03717172145843506
0.017288869246840477
0.08537618070840836
0.019550545141100883
0.07848859578371048
0.040385570377111435
0.027367811650037766
0.1208646297454834
0.09456704556941986
0.04840119928121567
0.05487284064292908
0.03220771998167038
0.053947459906339645
0.08907944709062576
0.10920584946870804
0.08297130465507507
0.04825560748577118
0.05873391032218933
0.03157523274421692
0.0760030597448349
0.1958893984556198
0.24766132235527039
0.06935273855924606
0.113824762403965
0.017623791471123695
0.1617165356874466
0.11227338016033173
0.09825466573238373
0.049199048429727554
0.02947290614247322
0.05816563218832016
0.13269038498401642
0.13318175077438354
0.06095476821064949
0.04737528786063194
0.008103317581117153
0.09337417781352997
0.03099295310676098
0.117678701877594
0.12126314640045166
0.016074655577540398
0.007551457732915878
0.09373877197504044
0.026419294998049736
0.02999248541891575
0.06802721321582794
0.08612773567438126
0.10484032332897186
0.044572703540325165
0.05819960683584213
0.04154185950756073
0.036193978041410446
0.09186217188835144
0.1325945109128952
0.009334648959338665
0.04524504393339157
0.018247907981276512
0.02655057981610298
0.07436169683933258
0.026824502274394035
0.0426231287419796
0.011373694986104965
0.06126942113041878
0.16912735998630524
0.017797229811549187
0.050173304975032806
0.044985126703977585
0.2275821715593338
0.18076056241989136
0.06337496638298035
0.16409485042095184
0.11489635705947876
0.05161624401807785
0.08787872642278671
0.00814182497560978
0.15252327919006348
0.1153368130326271
0.05462745577096939
0.04797997698187828
0.05878260359168053
0.2508854866027832
0.04323132708668709
0.1617051362991333
0.04503578320145607
0.0371595099568367
0.008224067278206348
0.11474154144525528
0.06643229722976685
0.08139541745185852
0.16292151808738708
0.08199237287044525
0.09197505563497543
0.08991406112909317
0.007940784096717834
0.0642014741897583
0.14642469584941864
0.021037200465798378
0.06457097828388214
0.04757566750049591
0.026806442067027092
0.1203930452466011
0.09523878991603851
0.06597693264484406
0.04237545281648636
0.24674654006958008
0.14772126078605652
0.09421955049037933
0.017873188480734825
0.07474759221076965
0.1180228739976883
0.11130668967962265
0.0769628956913948
0.06296102702617645
0.01083227340131998
0.09420064091682434
0.12539330124855042
0.1057346910238266
0.08891581743955612
0.026444122195243835
0.03508707135915756
0.10682831704616547
0.013547430746257305
0.01845061033964157
0.027571260929107666
0.035191163420677185
0.07347648590803146
0.08944563567638397
0.15642373263835907
0.05202704295516014
0.07561161369085312
0.17661505937576294
0.04058179631829262
0.010089571587741375
0.011460241861641407
0.02825808897614479
0.05839354172348976
0.007169970776885748
0.02411772310733795
0.10033496469259262
0.07532964646816254
0.1996156871318817
0.218644917011261
0.07353145629167557
0.0447423942387104
0.050176795572042465
0.12954777479171753
0.03959903493523598
0.11605346202850342
0.015974467620253563
0.04552139341831207
0.19729109108448029
0.062138259410858154
0.04258288815617561
0.1300630122423172
0.03451239690184593
0.04275403916835785
0.06646262854337692
0.038736309856176376
0.017195753753185272
0.11240513622760773
0.1053374856710434
0.07144612818956375
0.09418361634016037
0.0742061659693718
0.08435242623090744
0.027921665459871292
0.07336124032735825
0.04760848358273506
0.02598758600652218
0.03389769420027733
0.10154735296964645
0.11974393576383591
0.05082480609416962
0.1665307581424713
0.06835192441940308
0.1218901127576828
0.03277554363012314
0.058237213641405106
0.05375806614756584
0.05726854130625725
0.10996311902999878
0.04695625975728035
0.11949867755174637
0.009225687012076378
0.04171605408191681
0.02706214040517807
0.017252175137400627
0.09807588160037994
0.053740955889225006
0.14296792447566986
0.06060115247964859
0.13193683326244354
0.07792588323354721
0.07966522127389908
0.029763024300336838
0.22566117346286774
0.07985419780015945
0.04867854714393616
0.1142374724149704
0.08284170180559158
0.048332083970308304
0.0838828757405281
0.008406287059187889
0.03661230951547623
0.08565288782119751
0.03116409108042717
0.12339979410171509
0.02400590293109417
0.11625055968761444
0.009451132267713547
0.0661567747592926
0.07634618133306503
0.0459430068731308
0.08913666754961014
0.07087943702936172
0.04700084030628204
0.007706330623477697
0.08344578742980957
0.08165457099676132
0.06436223536729813
0.15834809839725494
0.03086443804204464
0.013753827661275864
0.01408164482563734
0.011619663797318935
0.035611361265182495
0.07321887463331223
0.043468184769153595
0.01749124564230442
0.04402634873986244
0.019876040518283844
0.1392878293991089
0.021419068798422813
0.017758434638381004
0.06174437701702118
0.06140382960438728
0.09706271439790726
0.0472196564078331
0.12091228365898132
0.08674208074808121
0.032352615147829056
0.08242236822843552
0.1259993016719818
0.08609487861394882
0.046994294971227646
0.04453875496983528
0.16021628677845
0.033412303775548935
0.08665111660957336
0.1431577354669571
0.07811683416366577
0.10397590696811676
0.04841046780347824
0.0380701906979084
0.01799207739531994
0.07021120935678482
0.1521594077348709
0.02103813923895359
0.01616758480668068
0.04746037349104881
0.11100435256958008
0.055877700448036194
0.061967991292476654
0.05533960089087486
0.16366362571716309
0.07389373332262039
0.08043796569108963
0.21871918439865112
0.03828399255871773
0.26567888259887695
0.03443608433008194
0.07277822494506836
0.06330414116382599
0.039592716842889786
0.14062459766864777
0.024059681221842766
0.0773712769150734
0.10813608765602112
0.0300457701086998
0.017115240916609764
0.03903961926698685
0.04665029048919678
0.01955416053533554
0.006649323273450136
0.022075116634368896
0.009037470445036888
0.035969480872154236
0.003709089942276478
0.026976414024829865
0.007197339087724686
0.07938679307699203
0.1665850579738617
0.08117388188838959
0.039202235639095306
0.1734575778245926
0.05531829223036766
0.012891441583633423
0.014045372605323792
0.011314627714455128
0.15011537075042725
0.2195470631122589
0.042183905839920044
0.013809733092784882
0.032105498015880585
0.058281056582927704
0.15047699213027954
0.0327373631298542
0.014598894864320755
0.0769931748509407
0.024517981335520744
0.1059228852391243
0.023077858611941338
0.08662709593772888
0.2964544892311096
0.09075690060853958
0.19984132051467896
0.04560191556811333
0.012691511772572994
0.11593956500291824
0.05425145849585533
0.013467740267515182
0.0956716388463974
0.07304323464632034
0.006816466338932514
0.01756710186600685
0.011917384341359138
0.14423514902591705
0.10872048884630203
0.0520724356174469
0.040103405714035034
0.06418514996767044
0.07973972707986832
0.0251772478222847
0.08216022700071335
0.10848106443881989
0.00927259773015976
0.010366460308432579
0.08022096008062363
0.10797583311796188
0.046092357486486435
0.10406654328107834
0.08902300149202347
0.07088150829076767
0.1121644675731659
0.012851682491600513
0.08675387501716614
0.014527163468301296
0.04348431155085564
0.03139938786625862
0.03062848374247551
0.04250098392367363
0.2558559775352478
0.11138607561588287
0.28092294931411743
0.0313447043299675
0.03794032707810402
0.1471412628889084
0.14742092788219452
0.11848727613687515
0.0036023948341608047
0.06604283303022385
0.09746266156435013
0.018843717873096466
0.018907474353909492
0.10151802748441696
0.019351718947291374
0.0688314288854599
0.11410679668188095
0.042462244629859924
0.09194379299879074
0.041435062885284424
0.07027026265859604
0.01641225256025791
0.024065913632512093
0.03361266851425171
0.004957051947712898
0.014680275693535805
0.1157834604382515
0.0402531735599041
0.008038812316954136
0.021005742251873016
0.04984574764966965
0.03168206661939621
0.06075235828757286
0.05550840124487877
0.039044272154569626
0.005952248815447092
0.0030449051409959793
0.02109045535326004
0.008103940635919571
0.1499548852443695
0.016441935673356056
0.04156539589166641
0.09082452207803726
0.03130537271499634
0.01577533781528473
0.11829344928264618
0.05744152516126633
0.05244629457592964
0.03834213688969612
0.006675160489976406
0.023929910734295845
0.022862963378429413
0.0839715301990509
0.15932254493236542
0.04472613334655762
0.013948473148047924
0.017297565937042236
0.17183834314346313
0.01682637445628643
0.10871879756450653
0.03440070152282715
0.07384447008371353
0.05239342153072357
0.12265720218420029
0.04462452605366707
0.1594720333814621
0.0869319811463356
0.004268708173185587
0.023665891960263252
0.054374974220991135
0.06524545699357986
0.01862715743482113
0.024372339248657227
0.05758298560976982
0.00888710469007492
0.06925646215677261
0.01632094942033291
0.2037828266620636
0.03893021494150162
0.05027174577116966
0.0676499456167221
0.050106730312108994
0.09651577472686768
0.0013871989212930202
0.007438492961227894
0.010023117996752262
0.01660355180501938
0.05001259967684746
0.04301194101572037
0.0029876052867621183
0.005306224338710308
0.021414320915937424
0.0004259746929164976
0.012388184666633606
0.030662499368190765
0.005736990366131067
0.00015142594929784536
0.0010679494589567184
0.0005928251193836331
0.00034799493732862175
0.0014054832281544805
0.07557456940412521
0.022087568417191505
0.012784287333488464
0.0056912959553301334
0.0030720343347638845
0.001142687164247036
0.163282573223114
0.4315783679485321
0.013135448098182678
0.005183069501072168
0.3592572510242462
0.04192163795232773
