2.326568603515625
2.2785449028015137
2.2921388149261475
2.226668357849121
2.20228910446167
2.168137311935425
2.077162504196167
2.014479398727417
1.9887019395828247
1.9545819759368896
1.8204666376113892
1.7519840002059937
1.485550045967102
1.4769411087036133
1.3988703489303589
1.1579680442810059
1.4252676963806152
1.2002192735671997
0.9095258712768555
0.9986914396286011
1.0522199869155884
1.2564291954040527
1.3272310495376587
1.082358479499817
0.8886011838912964
0.7241390347480774
0.5442773103713989
0.5047096610069275
0.6660944223403931
0.6038068532943726
0.5204072594642639
0.6043525338172913
0.5351899862289429
0.347614049911499
0.5014471411705017
0.44476473331451416
0.3846778869628906
0.7747023105621338
0.5676547288894653
0.5013759732246399
0.526586651802063
0.6317359805107117
0.5560342669487
0.554419755935669
0.3563176989555359
0.38710081577301025
0.47110891342163086
0.6424614191055298
0.32445764541625977
0.30354782938957214
0.37042054533958435
0.3716580271720886
0.5144425630569458
0.3393794894218445
0.43266430497169495
0.5258575677871704
0.33427703380584717
0.6081905961036682
0.5203428864479065
0.3803024888038635
0.26117876172065735
0.2717355191707611
0.3642479479312897
0.34258517622947693
0.4456491470336914
0.4393027126789093
0.3257567882537842
0.26719292998313904
0.3856710195541382
0.30026257038116455
0.3707450032234192
0.1698921173810959
0.49061423540115356
0.3538063168525696
0.3881042003631592
0.41085731983184814
0.34936225414276123
0.516735315322876
0.33216485381126404
0.311027467250824
0.7419816851615906
0.30935853719711304
0.5442102551460266
0.3949778378009796
0.36630910634994507
0.22246262431144714
0.3537841737270355
0.38957154750823975
0.29235780239105225
0.3931015133857727
0.2969573140144348
0.39416825771331787
0.36306241154670715
0.2356092631816864
0.21097823977470398
0.32218822836875916
0.17154277861118317
0.272052139043808
0.16509613394737244
0.30279552936553955
0.2992178201675415
0.5733612775802612
0.24326187372207642
0.43659520149230957
0.28616008162498474
0.19739316403865814
0.4848569929599762
0.41526979207992554
0.5477878451347351
0.5614104270935059
0.302799254655838
0.37265637516975403
0.4076167047023773
0.46769416332244873
0.3457777202129364
0.250052809715271
0.27467331290245056
0.26107117533683777
0.28796905279159546
0.4011071026325226
0.24235734343528748
0.25977325439453125
0.5440189242362976
0.3892378509044647
0.30106088519096375
0.3692314922809601
0.5276045799255371
0.22182880342006683
0.5091362595558167
0.43218114972114563
0.18564604222774506
0.4510292410850525
0.554502010345459
0.21739830076694489
0.4577374756336212
0.5802241563796997
0.7906088829040527
0.55769282579422
0.6067189574241638
0.5198141932487488
0.2909381091594696
0.19710810482501984
0.48829013109207153
0.2722621262073517
0.45848214626312256
0.3892662525177002
0.49855512380599976
0.5330400466918945
0.19386984407901764
0.38186633586883545
0.24145887792110443
0.1096564382314682
0.46171531081199646
0.2193681299686432
0.21680068969726562
0.33032798767089844
0.39616793394088745
0.2144610583782196
0.24895554780960083
0.4944460690021515
0.3222121596336365
0.2217177003622055
0.17680872976779938
0.20963449776172638
0.05660165473818779
0.1371472030878067
0.1974300742149353
0.35407015681266785
0.24785950779914856
0.2080438882112503
0.17408476769924164
0.18479274213314056
0.2470027655363083
0.16380895674228668
0.15665706992149353
0.3559505343437195
0.12619473040103912
0.2152758538722992
0.25286272168159485
0.20554140210151672
0.6117568016052246
0.43046334385871887
0.4374472498893738
0.2420693188905716
0.18689994513988495
0.23361654579639435
0.29502612352371216
0.19375541806221008
0.2857030928134918
0.1158025711774826
0.31597161293029785
0.3030794858932495
0.2353064864873886
0.3159937560558319
0.21224083006381989
0.3052418529987335
0.6874538064002991
0.6188545823097229
0.30941885709762573
0.34998372197151184
0.22095587849617004
0.22241972386837006
0.39582401514053345
0.4001975357532501
0.4866182506084442
0.38508668541908264
0.21708883345127106
0.2380141317844391
0.2639825940132141
0.22732962667942047
0.1041359230875969
0.3597426116466522
0.10148642957210541
0.39233407378196716
0.39886707067489624
0.18584363162517548
0.28005629777908325
0.32923048734664917
0.5117035508155823
0.33358654379844666
0.33402204513549805
0.2581091821193695
0.35927319526672363
0.3781755566596985
0.49103984236717224
0.16781045496463776
0.21481405198574066
0.31924113631248474
0.38756170868873596
0.3089970648288727
0.434939444065094
0.4427526295185089
0.31893646717071533
0.18040119111537933
0.14551696181297302
0.19735074043273926
0.4589594006538391
0.2125462144613266
0.2785639762878418
0.17261172831058502
0.24608440697193146
0.22973091900348663
0.30153682827949524
0.2243318408727646
0.09409918636083603
0.31766703724861145
0.32515087723731995
0.30846095085144043
0.19286257028579712
0.3690298795700073
0.46684354543685913
0.22710920870304108
0.14504340291023254
0.12808457016944885
0.1825297772884369
0.1009141355752945
0.19296348094940186
0.28097328543663025
0.3434182107448578
0.1539311558008194
0.27926549315452576
0.28163373470306396
0.2516256868839264
0.17642560601234436
0.2573831081390381
0.35355648398399353
0.242457315325737
0.1795244812965393
0.18432681262493134
0.2746352553367615
0.11477037519216537
0.23113544285297394
0.23019659519195557
0.2433154135942459
0.4593275785446167
0.14140719175338745
0.32472941279411316
0.25545552372932434
0.3048168122768402
0.2501221001148224
0.18162092566490173
0.15657317638397217
0.30418819189071655
0.14927920699119568
0.0960736870765686
0.1298539936542511
0.18161030113697052
0.2091890275478363
0.2453594207763672
0.17972131073474884
0.2775578200817108
0.12461923062801361
0.2983461022377014
0.16484862565994263
0.18887479603290558
0.10789813101291656
0.11347170919179916
0.1754554957151413
0.32295942306518555
0.15368770062923431
0.3308592438697815
0.2014206349849701
0.2867559492588043
0.19346757233142853
0.2780018746852875
0.26427802443504333
0.08554976433515549
0.07833419740200043
0.03905780240893364
0.28227776288986206
0.12489614635705948
0.22156594693660736
0.3342176675796509
0.23284593224525452
0.16467779874801636
0.5449167490005493
0.1399809569120407
0.23748373985290527
0.10919394344091415
0.1289777308702469
0.10514453053474426
0.31279873847961426
0.3361434042453766
0.20473304390907288
0.38839393854141235
0.26346197724342346
0.28066399693489075
0.3704882860183716
0.17952179908752441
0.2689375579357147
0.2174646258354187
0.2623017728328705
0.1457194983959198
0.23150958120822906
0.24111419916152954
0.1356116384267807
0.11539686471223831
0.3458307087421417
0.12130913138389587
0.16680221259593964
0.043519049882888794
0.07215957343578339
0.1995449662208557
0.26056909561157227
0.08699522912502289
0.31085526943206787
0.30463939905166626
0.34549546241760254
0.22043545544147491
0.08592864871025085
0.16094733774662018
0.5916517972946167
0.669554591178894
0.24101126194000244
0.33082470297813416
0.28943318128585815
0.1728304922580719
0.1376863270998001
0.047629695385694504
0.14422251284122467
0.2639942765235901
0.07608646899461746
0.22243434190750122
0.12993964552879333
0.08171749114990234
0.2522258758544922
0.14165456593036652
0.1165960505604744
0.15677353739738464
0.3020145893096924
0.34314867854118347
0.1591973602771759
0.2696900963783264
0.18296250700950623
0.2943844199180603
0.20216286182403564
0.14303205907344818
0.09465231001377106
0.23352926969528198
0.33149009943008423
0.06094970181584358
0.1627267301082611
0.25172680616378784
0.22605544328689575
0.39796310663223267
0.29791706800460815
0.22415488958358765
0.3134782314300537
0.10745229572057724
0.2509033679962158
0.1816738247871399
0.10011354833841324
0.18222962319850922
0.24719996750354767
0.0746871829032898
0.15360085666179657
0.13390031456947327
0.06047174707055092
0.1751832664012909
0.3147856295108795
0.14904187619686127
0.1436452716588974
0.23704107105731964
0.32585409283638
0.16095960140228271
0.21553321182727814
0.14451943337917328
0.19689033925533295
0.15604792535305023
0.14539815485477448
0.20007209479808807
0.18841664493083954
0.3081596791744232
0.2140074521303177
0.3511562645435333
0.15191888809204102
0.40518349409103394
0.5103614926338196
0.29520341753959656
0.3073221743106842
0.3907141387462616
0.05973292514681816
0.09929560124874115
0.15536676347255707
0.580958902835846
0.32598191499710083
0.1313539296388626
0.18635985255241394
0.15022940933704376
0.21214115619659424
0.14931553602218628
0.1586579829454422
0.13105691969394684
0.13495656847953796
0.1965116560459137
0.16846796870231628
0.13156692683696747
0.10413803905248642
0.0730738639831543
0.21391135454177856
0.14665894210338593
0.13563494384288788
0.07507278770208359
0.5966846346855164
0.1842360496520996
0.18139226734638214
0.2442053258419037
0.4810788929462433
0.19196464121341705
0.07364659756422043
0.15664979815483093
0.06557940691709518
0.24709174036979675
0.09224671870470047
0.25371551513671875
0.4285493791103363
0.2779862880706787
0.18413113057613373
0.20976795256137848
0.27189937233924866
0.18671128153800964
0.11666093021631241
0.10872960835695267
0.14483971893787384
0.25130197405815125
0.09355144202709198
0.22243428230285645
0.24266433715820312
0.24630463123321533
0.2905265688896179
0.3353685736656189
0.1391846090555191
0.15031012892723083
0.11410709470510483
0.04190642386674881
0.2224825769662857
0.18651340901851654
0.14862175285816193
0.20096257328987122
0.19706900417804718
0.10080201178789139
0.18568062782287598
0.2363690435886383
0.17862603068351746
0.2441149801015854
0.19816850125789642
0.3202562928199768
0.4467415511608124
0.17685383558273315
0.31457921862602234
0.3027167320251465
0.1880052387714386
0.11521133035421371
0.2589971721172333
0.3108201026916504
0.3098703920841217
0.15132303535938263
0.2266380935907364
0.0829244926571846
0.24388588964939117
0.2968462109565735
0.12745796144008636
0.35681480169296265
0.2445228397846222
0.2080143541097641
0.2715180516242981
0.26405441761016846
0.2322770059108734
0.1456623375415802
0.027689862996339798
0.22709117829799652
0.11872576177120209
0.34417349100112915
0.14965090155601501
0.13319198787212372
0.061357006430625916
0.13622087240219116
0.13483986258506775
0.08224041014909744
0.1404755860567093
0.2930857539176941
0.17276112735271454
0.1122429221868515
0.18380236625671387
0.07320249080657959
0.10822108387947083
0.15309225022792816
0.3198746144771576
0.14585192501544952
0.04474908486008644
0.058977361768484116
0.16867035627365112
0.14958952367305756
0.06700264662504196
0.17706769704818726
0.033734407275915146
0.10104507952928543
0.34334975481033325
0.05775308236479759
0.2769251763820648
0.1994730532169342
0.26220703125
0.22167253494262695
0.1865735799074173
0.26805171370506287
0.2075209766626358
0.09884064644575119
0.14278312027454376
0.16191063821315765
0.0596173033118248
0.20442414283752441
0.06497731059789658
0.1183437779545784
0.10580337792634964
0.3391129970550537
0.05400451645255089
0.2063465267419815
0.15481755137443542
0.10984338819980621
0.07812206447124481
0.12848491966724396
0.10872754454612732
0.13886867463588715
0.20566719770431519
0.2920936644077301
0.2193920910358429
0.20450261235237122
0.05637819692492485
0.11257354170084
0.17435666918754578
0.11278539150953293
0.08875720947980881
0.0649021789431572
0.08236762136220932
0.13408617675304413
0.20398347079753876
0.1798250824213028
0.09042227268218994
0.2255864292383194
0.3398144841194153
0.1530998945236206
0.09270983189344406
0.204336017370224
0.4155256450176239
0.2479465752840042
0.36266961693763733
0.3776044249534607
0.08351180702447891
0.30641552805900574
0.25184735655784607
0.19918406009674072
0.17057128250598907
0.14996862411499023
0.11359453201293945
0.1178697869181633
0.07124964892864227
0.09423114359378815
0.14159491658210754
0.2576054036617279
0.190914586186409
0.10857336968183517
0.17496605217456818
0.171590656042099
0.1909404844045639
0.1258074790239334
0.2156980335712433
0.07544070482254028
0.03716534748673439
0.16289298236370087
0.16503781080245972
0.03615812212228775
0.1437574326992035
0.2080545574426651
0.16880878806114197
0.3284875154495239
0.30315494537353516
0.22936125099658966
0.1725349873304367
0.17465564608573914
0.21042028069496155
0.15019677579402924
0.21947631239891052
0.13505224883556366
0.10332069545984268
0.28657346963882446
0.11561659723520279
0.23371921479701996
0.08619572967290878
0.13531863689422607
0.26464879512786865
0.14483721554279327
0.13012690842151642
0.11144113540649414
0.13114714622497559
0.17426817119121552
0.14236758649349213
0.2083207070827484
0.1233036145567894
0.17581309378147125
0.07408969849348068
0.2636268138885498
0.210939422249794
0.08139631152153015
0.1063493862748146
0.2229355275630951
0.2693946063518524
0.18922124803066254
0.2898334860801697
0.19446495175361633
0.1620500534772873
0.08243460953235626
0.121187724173069
0.12056808918714523
0.16149486601352692
0.10126416385173798
0.1258884072303772
0.2501923441886902
0.10710885375738144
0.11133706569671631
0.08912379294633865
0.020713776350021362
0.4052010178565979
0.10429873317480087
0.4562920928001404
0.33212271332740784
0.15292902290821075
0.21783828735351562
0.11873529106378555
0.12735602259635925
0.2564226984977722
0.28186044096946716
0.23831883072853088
0.19173654913902283
0.11071834713220596
0.09877941012382507
0.18188871443271637
0.02654300257563591
0.04674337059259415
0.10901084542274475
0.04385722428560257
0.2196568250656128
0.09924731403589249
0.2238064855337143
0.02187458425760269
0.08378731459379196
0.15558095276355743
0.1345035582780838
0.16120542585849762
0.16112515330314636
0.1958855241537094
0.11043314635753632
0.20573444664478302
0.18956167995929718
0.11835319548845291
0.25351735949516296
0.14621220529079437
0.05750869959592819
0.09598380327224731
0.08550942689180374
0.08495776355266571
0.21634137630462646
0.193884015083313
0.13565759360790253
0.09959477186203003
0.16066230833530426
0.18932680785655975
0.16875159740447998
0.10402844101190567
0.06777497380971909
0.15612000226974487
0.29406678676605225
0.1757342368364334
0.2887779474258423
0.15007685124874115
0.06620202958583832
0.28919124603271484
0.1327029913663864
0.20262254774570465
0.13461518287658691
0.2878332734107971
0.2046886682510376
0.08511749655008316
0.23558896780014038
0.3423164486885071
0.21247705817222595
0.2317841798067093
0.07422886788845062
0.10609669238328934
0.11420229822397232
0.1257331669330597
0.18729694187641144
0.08372213691473007
0.11685743927955627
0.11407569795846939
0.2273341566324234
0.1507842093706131
0.1061442643404007
0.1882392317056656
0.4006393253803253
0.15926042199134827
0.18703678250312805
0.1797601282596588
0.07891138643026352
0.440093994140625
0.0759844109416008
0.20076629519462585
0.17170563340187073
0.055770453065633774
0.34537413716316223
0.1509106308221817
0.1110176295042038
0.1828157752752304
0.07618558406829834
0.04223142936825752
0.12850593030452728
0.27238473296165466
0.11105203628540039
0.1877516508102417
0.12833411991596222
0.15426181256771088
0.10613013803958893
0.0630110427737236
0.028999367728829384
0.05802280083298683
0.3883292078971863
0.38776925206184387
0.3537008762359619
0.05751817300915718
0.21170207858085632
0.09995676577091217
0.11897500604391098
0.0285438671708107
0.13508246839046478
0.33933624625205994
0.3316807150840759
0.20268844068050385
0.22626656293869019
0.10542092472314835
0.10652301460504532
0.5504851937294006
0.09766821563243866
0.07542776316404343
0.2163895070552826
0.08886105567216873
0.30003032088279724
0.11246783286333084
0.27279266715049744
0.398253470659256
0.12943153083324432
0.29180213809013367
0.15297092497348785
0.11036280542612076
0.14196449518203735
0.06987038254737854
0.0581524483859539
0.0848897397518158
0.07705571502447128
0.048027403652668
0.03841197490692139
0.09197363257408142
0.12268824130296707
0.1538546085357666
0.1366932988166809
0.10359904915094376
0.14655561745166779
0.21541179716587067
0.0865040197968483
0.14087359607219696
0.2088424116373062
0.03317384049296379
0.09016257524490356
0.09405821561813354
0.16554178297519684
0.24792495369911194
0.3325517475605011
0.12713316082954407
0.13216212391853333
0.11312791705131531
0.11369157582521439
0.23198917508125305
0.058659013360738754
0.04684264212846756
0.11486703157424927
0.2850532531738281
0.11865664273500443
0.22530098259449005
0.2605474889278412
0.43637511134147644
0.1770957112312317
0.10632164031267166
0.1845613420009613
0.14988340437412262
0.019879858940839767
0.023154020309448242
0.06033039093017578
0.15344220399856567
0.19612793624401093
0.13888177275657654
0.24218960106372833
0.08371409773826599
0.10519245266914368
0.22711823880672455
0.1348663568496704
0.24606089293956757
0.08502747863531113
0.07379627227783203
0.09672829508781433
0.04644102603197098
0.09021424502134323
0.08549407869577408
0.11410986632108688
0.20631948113441467
0.13172262907028198
0.028447424992918968
0.04923111945390701
0.08256198465824127
0.03636655956506729
0.16673128306865692
0.22470809519290924
0.09443604946136475
0.08389657735824585
0.22051763534545898
0.14988480508327484
0.16333621740341187
0.24489232897758484
0.058851197361946106
0.1380944699048996
0.19389255344867706
0.07828835397958755
0.046846967190504074
0.19902677834033966
0.1363266408443451
0.14068672060966492
0.24223701655864716
0.09211023151874542
0.13228602707386017
0.07310967147350311
0.09590376913547516
0.2318628430366516
0.13673879206180573
0.08144650608301163
0.11376281827688217
0.18127277493476868
0.062068499624729156
0.059174247086048126
0.07613259553909302
0.1546766459941864
0.046684812754392624
0.15634092688560486
0.03385177627205849
0.11788444221019745
0.13253185153007507
0.008647342212498188
0.0976303219795227
0.07674554735422134
0.19353576004505157
0.07428999990224838
0.0483657643198967
0.14514294266700745
0.015718728303909302
0.17594580352306366
0.23736965656280518
0.12308375537395477
0.14200201630592346
0.07730363309383392
0.07103242725133896
0.1651674509048462
0.17274682223796844
0.005107786972075701
0.019528908655047417
0.05072927847504616
0.01649681106209755
0.11337896436452866
0.052505213767290115
0.09289856255054474
0.022154727950692177
0.06445837765932083
0.013028179295361042
0.047200147062540054
0.15469828248023987
0.04124601557850838
0.022172104567289352
0.019543785601854324
0.003976099658757448
0.006378985475748777
0.05906013771891594
0.10133794695138931
0.14869588613510132
0.053749483078718185
0.04371701180934906
0.06901130080223083
0.03763220086693764
0.14085222780704498
0.7385879755020142
0.03794534131884575
0.005091330036520958
0.4267994463443756
0.01710943505167961
0.0907595083117485
0.10392841696739197
0.30004191398620605
0.08119107782840729
0.04422248527407646
0.052479010075330734
0.11891203373670578
0.2247423678636551
0.05663587152957916
0.17426550388336182
0.1229797825217247
0.14006102085113525
0.1454286426305771
0.27616333961486816
0.15968625247478485
0.25258392095565796
0.2820104956626892
0.26482972502708435
0.07079746574163437
0.3501482903957367
0.0823291689157486
0.370155930519104
0.024817824363708496
0.17210091650485992
0.0945441946387291
0.12207774072885513
0.07221371680498123
0.06898796558380127
0.06828951090574265
0.15417514741420746
0.1691666692495346
0.08139482140541077
0.18998576700687408
0.01763962209224701
0.0987657681107521
0.040241725742816925
0.06615392863750458
0.124872125685215
0.08313913643360138
0.0359547920525074
0.07246347516775131
0.17630107700824738
0.1358039677143097
0.0916295200586319
0.10026775300502777
0.1006808951497078
0.08812815696001053
0.16313187777996063
0.06107994168996811
0.008973327465355396
0.09466446936130524
0.11177022010087967
0.07894064486026764
0.08650161325931549
0.10725921392440796
0.07034042477607727
0.04339059069752693
0.16235409677028656
0.05782363936305046
0.13196109235286713
0.021964717656373978
0.07082396000623703
0.11193880438804626
0.08713123947381973
0.18513819575309753
0.05970531329512596
0.10925822705030441
0.07311663031578064
0.09142457693815231
0.19406868517398834
0.08092133700847626
0.03280840069055557
0.14763133227825165
0.05411350354552269
0.08139210939407349
0.05168457329273224
0.019083691760897636
0.2669648826122284
0.08279921859502792
0.14545592665672302
0.13694724440574646
0.05453285947442055
0.1618344485759735
0.1459764838218689
0.060859352350234985
0.052838943898677826
0.13535049557685852
0.10555998235940933
0.09966828674077988
0.1952761709690094
0.1875501126050949
0.14766372740268707
0.15481500327587128
0.025210730731487274
0.04060814157128334
0.11710774153470993
0.059665098786354065
0.10892710089683533
0.05341033637523651
0.05155038833618164
0.11570578068494797
0.20572978258132935
0.053381118923425674
0.08366746455430984
0.18374311923980713
0.0243616234511137
0.1983746439218521
0.2395697832107544
0.10851580649614334
0.21185176074504852
0.13187552988529205
0.11140559613704681
0.06433676928281784
0.21848204731941223
0.17010821402072906
0.07604444772005081
0.07804771512746811
0.10826919227838516
0.1522623598575592
0.11624906957149506
0.022484760731458664
0.08080608397722244
0.12321420758962631
0.12103401124477386
0.16955436766147614
0.07964248210191727
0.14432308077812195
0.04666382446885109
0.26248830556869507
0.10390174388885498
0.08830536901950836
0.16453337669372559
0.1841535121202469
0.031213445588946342
0.11433129012584686
0.2371641993522644
0.3426141142845154
0.24783818423748016
0.2873263955116272
0.11668423563241959
0.1311665028333664
0.1206669732928276
0.17960399389266968
0.09100756794214249
0.12238394469022751
0.14020416140556335
0.2254350185394287
0.13470424711704254
0.11490922421216965
0.07926110178232193
0.08804716169834137
0.018100544810295105
0.119286447763443
0.0395408496260643
0.0313081257045269
0.07946982979774475
0.1415543109178543
0.0856989249587059
0.17559361457824707
0.34612491726875305
0.15115328133106232
0.0959344282746315
0.024048520252108574
0.06148190051317215
0.012922635301947594
0.011169983074069023
0.0349707193672657
0.11717503517866135
0.10826551169157028
0.11178384721279144
0.07864304631948471
0.1666422039270401
0.13293451070785522
0.06737423688173294
0.07179414480924606
0.14101970195770264
0.03684387728571892
0.0707518681883812
0.0556003712117672
0.10762036591768265
0.20053911209106445
0.06355998665094376
0.2193242311477661
0.1271587461233139
0.08473575115203857
0.15401406586170197
0.10210135579109192
0.054956745356321335
0.16646641492843628
0.02024873159825802
0.057080481201410294
0.0900919958949089
0.10153626650571823
0.12983748316764832
0.04449336603283882
0.05386023595929146
0.24661953747272491
0.4114914536476135
0.06448975950479507
0.1259797364473343
0.11166775971651077
0.10492142289876938
0.18475493788719177
0.18430903553962708
0.1901668906211853
0.11192432045936584
0.07776637375354767
0.11782790720462799
0.07498975098133087
0.09059198945760727
0.030203092843294144
0.12138731777667999
0.021094180643558502
0.3136324882507324
0.21577903628349304
0.03003080002963543
0.10768277198076248
0.09014841169118881
0.20886333286762238
0.09259346127510071
0.10435708612203598
0.053537994623184204
0.19584999978542328
0.11665458232164383
0.2865203320980072
0.04227658361196518
0.0536942332983017
0.12417051196098328
0.05692879483103752
0.09133560210466385
0.16594073176383972
0.19560275971889496
0.10132267326116562
0.015701180323958397
0.04626097157597542
0.08028864115476608
0.19015003740787506
0.04405727609992027
0.13254746794700623
0.030171286314725876
0.1413213163614273
0.14684362709522247
0.12764331698417664
0.0900467038154602
0.013815158046782017
0.12303464114665985
0.1726953089237213
0.17776547372341156
0.053324319422245026
0.20181892812252045
0.21656744182109833
0.04497377946972847
0.048917319625616074
0.0824643075466156
0.0946478620171547
0.0465378612279892
0.10234112292528152
0.12551939487457275
0.11888241022825241
0.01280550193041563
0.09875719994306564
0.2434336543083191
0.15365663170814514
0.12625528872013092
0.09446673095226288
0.09273466467857361
0.15885065495967865
0.11846793442964554
0.06477906554937363
0.16670095920562744
0.03781105577945709
0.20082390308380127
0.17424380779266357
0.06872428953647614
0.2642146944999695
0.10699552297592163
0.16048407554626465
0.21100400388240814
0.1556643694639206
0.0991458147764206
0.08239709585905075
0.07194776087999344
0.04542740806937218
0.057154979556798935
0.025981830433011055
0.08582650125026703
0.15876200795173645
0.09896250069141388
0.072292760014534
0.08248987793922424
0.13003206253051758
0.0406775027513504
0.0975179374217987
0.03508628532290459
0.0367434062063694
0.018612779676914215
0.05905574932694435
0.017370140179991722
0.2703479826450348
0.03241211175918579
0.14778275787830353
0.15442050993442535
0.16636785864830017
0.07175271213054657
0.12636153399944305
0.059554435312747955
0.066106878221035
0.03641216829419136
0.0058942013420164585
0.09518737345933914
0.1117614135146141
0.08082322031259537
0.20471718907356262
0.06776537746191025
0.12236906588077545
0.3716016411781311
0.04989877715706825
0.06634606420993805
0.050500575453042984
0.05062631145119667
0.05989907309412956
0.17974567413330078
0.2511324882507324
0.12090429663658142
0.21452556550502777
0.09690030664205551
0.1980648785829544
0.16443747282028198
0.09455548971891403
0.11199994385242462
0.08779249340295792
0.040941271930933
0.045072201639413834
0.05833175778388977
0.07404602319002151
0.06557479500770569
0.04815705865621567
0.14885541796684265
0.016301793977618217
0.034343548119068146
0.03117961250245571
0.022599266842007637
0.08563562482595444
0.1953413337469101
0.043955303728580475
0.1285514533519745
0.317071795463562
0.2520827651023865
0.1372111290693283
0.03371862322092056
0.04979687184095383
0.24840432405471802
0.23397217690944672
0.22874078154563904
0.12080356478691101
0.10006397217512131
0.06983058154582977
0.12346743792295456
0.019716156646609306
0.038936398923397064
0.08097848296165466
0.05834019184112549
0.11062464863061905
0.04089060798287392
0.0646529272198677
0.08654611557722092
0.05615251883864403
0.015630898997187614
0.13282303512096405
0.06133243069052696
0.16613999009132385
0.08651776611804962
0.10180486738681793
0.12782049179077148
0.16273349523544312
0.06302293390035629
0.07909317314624786
0.02392909675836563
0.21926186978816986
0.16612528264522552
0.014202616177499294
0.03609221801161766
0.1393050253391266
0.022182410582900047
0.17330773174762726
0.08611337840557098
0.09772258251905441
0.21865297853946686
0.04253457486629486
0.1059437021613121
0.024818457663059235
0.014735500328242779
0.06645052134990692
0.17471382021903992
0.09327991306781769
0.06298777461051941
0.035686105489730835
0.017303381115198135
0.10078678280115128
0.29304030537605286
0.07203429192304611
0.1472872793674469
0.06151816248893738
0.30249133706092834
0.023388847708702087
0.03269496560096741
0.051817938685417175
0.12026141583919525
0.04178927466273308
0.06704087555408478
0.05797192454338074
0.138324573636055
0.218476802110672
0.1373729705810547
0.31156203150749207
0.04839218780398369
0.2259203940629959
0.19539019465446472
0.10430186241865158
0.16160540282726288
0.2253011167049408
0.014486581087112427
0.022110169753432274
0.05984432250261307
0.37637850642204285
0.20890678465366364
0.03812943398952484
0.1044989675283432
0.07408840954303741
0.15528640151023865
0.09186378866434097
0.09189824014902115
0.08474547415971756
0.049367986619472504
0.13131165504455566
0.1597648561000824
0.061146318912506104
0.06008029356598854
0.034877777099609375
0.07704851776361465
0.0540495291352272
0.0835300087928772
0.015513268299400806
0.26825031638145447
0.08820049464702606
0.16433508694171906
0.08473972231149673
0.36973196268081665
0.12673254311084747
0.051107753068208694
0.07139794528484344
0.08704691380262375
0.09053650498390198
0.03863980993628502
0.08998429775238037
0.16459286212921143
0.14977987110614777
0.09391021728515625
0.07515022158622742
0.14012062549591064
0.07372910529375076
0.065113864839077
0.08678201586008072
0.12192737311124802
0.15783274173736572
0.07347068935632706
0.08415188640356064
0.09760691970586777
0.13869136571884155
0.23183263838291168
0.14644545316696167
0.05720501393079758
0.12936247885227203
0.09408868849277496
0.008825148455798626
0.07123861461877823
0.07745737582445145
0.032610148191452026
0.10475477576255798
0.06936872750520706
0.04572064429521561
0.04766792058944702
0.09675318002700806
0.12327314913272858
0.023439228534698486
0.06553372740745544
0.10059469938278198
0.27909529209136963
0.15645864605903625
0.18297868967056274
0.09093042463064194
0.1097886711359024
0.03565390780568123
0.19967831671237946
0.18279042840003967
0.15877072513103485
0.10639385879039764
0.21163970232009888
0.070107601583004
0.11983122676610947
0.16626735031604767
0.08771473914384842
0.16518792510032654
0.11347129940986633
0.11715727299451828
0.12835919857025146
0.21797116100788116
0.08375267684459686
0.11602819710969925
0.02152111567556858
0.11917845159769058
0.05548064410686493
0.1625770926475525
0.0981375202536583
0.06877752393484116
0.04627719521522522
0.050665367394685745
0.04203455522656441
0.021450195461511612
0.0592656135559082
0.11875883489847183
0.06955500692129135
0.04563687741756439
0.06976088881492615
0.05072322115302086
0.06459901481866837
0.0998593345284462
0.16621355712413788
0.03481919690966606
0.006426847539842129
0.025548433884978294
0.060677800327539444
0.09693146497011185
0.01657322607934475
0.06072669476270676
0.022577127441763878
0.014777523465454578
0.24633076786994934
0.022030990570783615
0.12057376652956009
0.08411827683448792
0.2842569649219513
0.19834916293621063
0.09906706213951111
0.21956504881381989
0.1429622322320938
0.029368724673986435
0.1441936194896698
0.1473548710346222
0.024777326732873917
0.13455425202846527
0.064186230301857
0.03603445366024971
0.0950249433517456
0.2527155876159668
0.039240315556526184
0.19475771486759186
0.1128259226679802
0.0598529577255249
0.022684859111905098
0.093472421169281
0.07391925901174545
0.04211413487792015
0.15137231349945068
0.1741236299276352
0.11663336306810379
0.09275972098112106
0.014906961470842361
0.04279405251145363
0.11138269305229187
0.1041150838136673
0.06136028841137886
0.036848124116659164
0.0573316365480423
0.08016406744718552
0.03740117698907852
0.08004100620746613
0.0651896744966507
0.10058258473873138
0.14523424208164215
0.08690942823886871
0.050248488783836365
0.07805714011192322
0.24445641040802002
0.18187636137008667
0.2386910766363144
0.13852660357952118
0.05691147595643997
0.07561202347278595
0.11542581766843796
0.14161181449890137
0.14380519092082977
0.05538354068994522
0.05503358691930771
0.05897322669625282
0.01944432221353054
0.03037862852215767
0.03708161041140556
0.1442541480064392
0.10736756026744843
0.06251435726881027
0.1654333472251892
0.08249621838331223
0.10844984650611877
0.14294105768203735
0.17915868759155273
0.010596934705972672
0.02578885480761528
0.05746481567621231
0.13213320076465607
0.011799214407801628
0.10934553295373917
0.14127688109874725
0.058529987931251526
0.29756107926368713
0.24667797982692719
0.106894850730896
0.0774373859167099
0.06116127967834473
0.13959190249443054
0.0641971305012703
0.12579898536205292
0.07716616243124008
0.07933740317821503
0.15761590003967285
0.07881566882133484
0.16640086472034454
0.039858851581811905
0.04000961408019066
0.1708071529865265
0.07733067870140076
0.05027531087398529
0.02112874761223793
0.054023534059524536
0.10792668908834457
0.05699406564235687
0.12387305498123169
0.07437559962272644
0.06408478319644928
0.03374723717570305
0.2662101984024048
0.10318847000598907
0.07168611884117126
0.1059722751379013
0.14717543125152588
0.13698574900627136
0.10275036841630936
0.10968725383281708
0.0942722037434578
0.13855154812335968
0.06942936778068542
0.10091700404882431
0.05718968063592911
0.04691748321056366
0.06377904117107391
0.06197365000844002
0.10816039144992828
0.05957590043544769
0.021543510258197784
0.030798999592661858
0.018731802701950073
0.25689762830734253
0.05315490812063217
0.22607344388961792
0.16309791803359985
0.08303584158420563
0.11976966261863708
0.07776106148958206
0.07834015786647797
0.16355645656585693
0.21473054587841034
0.06970325857400894
0.14195556938648224
0.04540874809026718
0.04321697726845741
0.16365128755569458
0.005841555539518595
0.023328976705670357
0.11439068615436554
0.020483877509832382
0.13844677805900574
0.05256274342536926
0.2393912822008133
0.010264800861477852
0.02580460160970688
0.16121067106723785
0.10336966812610626
0.14292952418327332
0.11254462599754333
0.06266392767429352
0.04871352016925812
0.14315374195575714
0.13340480625629425
0.10073012113571167
0.16035401821136475
0.058493297547101974
0.012292882427573204
0.043368879705667496
0.029108760878443718
0.034102845937013626
0.11250761151313782
0.06589056551456451
0.03753750026226044
0.09050542116165161
0.049193646758794785
0.12636932730674744
0.11193321645259857
0.03909613937139511
0.06340519338846207
0.08389221876859665
0.09394185990095139
0.06464706361293793
0.24910365045070648
0.08950067311525345
0.01752050779759884
0.19524149596691132
0.10121086984872818
0.08905939757823944
0.0433817021548748
0.10836972296237946
0.17670923471450806
0.027399802580475807
0.24201107025146484
0.2880837321281433
0.1289280503988266
0.14534896612167358
0.05114482715725899
0.05122770369052887
0.03463531658053398
0.047541387379169464
0.05954315513372421
0.033683355897665024
0.03525018319487572
0.08233122527599335
0.12407692521810532
0.15034955739974976
0.12682893872261047
0.09031885117292404
0.22217614948749542
0.07477263361215591
0.10207816958427429
0.08406176418066025
0.044436950236558914
0.3202821910381317
0.044933903962373734
0.20717914402484894
0.07838047295808792
0.03154217079281807
0.2004828006029129
0.09771261364221573
0.044859495013952255
0.12410517036914825
0.033446356654167175
0.023635175079107285
0.07064193487167358
0.1188453659415245
0.043049730360507965
0.15861566364765167
0.048054520040750504
0.0884687751531601
0.0653451532125473
0.013352797366678715
0.02301904372870922
0.02306588925421238
0.16082291305065155
0.2664482593536377
0.20917896926403046
0.029994696378707886
0.08579611778259277
0.025659505277872086
0.043623462319374084
0.022990532219409943
0.041327446699142456
0.18131381273269653
0.18114079535007477
0.09774206578731537
0.10119754076004028
0.034139033406972885
0.051363106817007065
0.5192400217056274
0.07845896482467651
0.058639079332351685
0.13913297653198242
0.055002808570861816
0.20628508925437927
0.033988889306783676
0.1500823050737381
0.13112680613994598
0.018045907840132713
0.20353150367736816
0.037442609667778015
0.018341045826673508
0.08684384077787399
0.0940927118062973
0.03740410879254341
0.01884344592690468
0.051061347126960754
0.011027522385120392
0.020402122288942337
0.030231377109885216
0.13966263830661774
0.10620396584272385
0.10087336599826813
0.04362664371728897
0.07516904920339584
0.13678036630153656
0.12612201273441315
0.06572028994560242
0.05874692276120186
0.008939511142671108
0.04359413683414459
0.1103215143084526
0.09730581939220428
0.16195936501026154
0.2569175362586975
0.06775885075330734
0.117648184299469
0.08196518570184708
0.05846721678972244
0.1408901810646057
0.011519744992256165
0.02528577484190464
0.02103264629840851
0.12125337868928909
0.07308407127857208
0.20570321381092072
0.19596588611602783
0.32048869132995605
0.0379418283700943
0.053340841084718704
0.13003811240196228
0.1357184797525406
0.051361650228500366
0.009725269861519337
0.03463441878557205
0.07267222553491592
0.1361890584230423
0.04407156631350517
0.1777927577495575
0.03889565169811249
0.09124438464641571
0.08297113329172134
0.04882127419114113
0.09704622626304626
0.11111889779567719
0.07800385355949402
0.07523363828659058
0.034935787320137024
0.04379219561815262
0.050419606268405914
0.04159390926361084
0.17126387357711792
0.0909235030412674
0.023961013182997704
0.03123040869832039
0.03669887036085129
0.0435885414481163
0.13250146806240082
0.055067770183086395
0.059512726962566376
0.020571723580360413
0.14851729571819305
0.12326347827911377
0.1189485415816307
0.17720867693424225
0.043088071048259735
0.05729074776172638
0.2399798482656479
0.033437397330999374
0.02279488556087017
0.12518823146820068
0.029034599661827087
0.06582803279161453
0.1930653601884842
0.02981744520366192
0.0785890594124794
0.041327450424432755
0.07829973101615906
0.18856476247310638
0.061520978808403015
0.06904634833335876
0.03467060253024101
0.15913483500480652
0.0693444088101387
0.0338795930147171
0.07269775867462158
0.0897914320230484
0.023712025955319405
0.05534973740577698
0.007113036699593067
0.04959215596318245
0.08321569114923477
0.0037621285300701857
0.021669168025255203
0.06509251147508621
0.12634482979774475
0.02652357704937458
0.04926416650414467
0.09274863451719284
0.016492526978254318
0.1686495542526245
0.10401935875415802
0.08704299479722977
0.06154157966375351
0.08677786588668823
0.04447495564818382
0.10636235773563385
0.08018580079078674
0.0028415995184332132
0.008844492956995964
0.011011559516191483
0.008513567969202995
0.04002769663929939
0.018310852348804474
0.04288111999630928
0.004761874210089445
0.038430847227573395
0.0018513344693928957
0.03454410284757614
0.13513463735580444
0.0126259196549654
0.0008629921358078718
0.002992108231410384
0.018031321465969086
0.009575014933943748
0.00468822568655014
0.12638743221759796
0.09549900889396667
0.03493122756481171
0.002323318738490343
0.012557627633213997
0.011741682887077332
0.12830573320388794
0.48813697695732117
0.019396180287003517
0.003666274482384324
0.3662499189376831
0.01667126454412937
0.03055986762046814
0.11054768413305283
0.2024681568145752
0.028902223333716393
0.02666649781167507
0.030580265447497368
0.06463658809661865
0.17666460573673248
0.013720473274588585
0.10136483609676361
0.08063743263483047
0.06548990309238434
0.10008049756288528
0.1770588904619217
0.12171879410743713
0.18916858732700348
0.1569540649652481
0.11113157123327255
0.04509067162871361
0.18855659663677216
0.06131759658455849
0.15598906576633453
0.015491620637476444
0.10209149867296219
0.07229038327932358
0.15436679124832153
0.027672771364450455
0.12166865915060043
0.03637189418077469
0.06595572084188461
0.13018585741519928
0.05535004660487175
0.14386612176895142
0.024597423151135445
0.08819819986820221
0.025513675063848495
0.05027059093117714
0.04960958659648895
0.030918948352336884
0.014861366711556911
0.08511658012866974
0.14308272302150726
0.13325700163841248
0.10796652734279633
0.054602477699518204
0.0847325548529625
0.025376401841640472
0.08585388958454132
0.03671305999159813
0.0042805857956409454
0.04902753233909607
0.06581791490316391
0.029239218682050705
0.04770587012171745
0.05017423257231712
0.06376544386148453
0.029503051191568375
0.19010703265666962
0.032959338277578354
0.09442070871591568
0.0073471879586577415
0.01683369092643261
0.0249867495149374
0.03448176756501198
0.11688783019781113
0.03266322985291481
0.04626500606536865
0.014338910579681396
0.04815351217985153
0.18164919316768646
0.04158690199255943
0.008538572117686272
0.16945266723632812
0.03856891021132469
0.03427407518029213
0.025119582191109657
0.012923330068588257
0.21424168348312378
0.06347997486591339
0.11785252392292023
0.11426539719104767
0.04542975127696991
0.11708443611860275
0.09187159687280655
0.04928082600235939
0.020029693841934204
0.06015731766819954
0.06338401138782501
0.0839371457695961
0.11522519588470459
0.16737323999404907
0.06612423807382584
0.12829291820526123
0.03101782314479351
0.012658366933465004
0.07951182872056961
0.013576420024037361
0.06637799739837646
0.04250325635075569
0.024146705865859985
0.09734316170215607
0.13523851335048676
0.009302751161158085
0.04700252786278725
0.12451634556055069
0.007657257374376059
0.12241321057081223
0.16898730397224426
0.08716997504234314
0.10195627063512802
0.11284611374139786
0.06182653829455376
0.03371460735797882
0.12518881261348724
0.09753689914941788
0.02765093557536602
0.026377322152256966
0.06252598762512207
0.11534567922353745
0.09002579003572464
0.045880988240242004
0.036726415157318115
0.08919841051101685
0.0922669917345047
0.152096688747406
0.05361524224281311
0.05735507979989052
0.02981596440076828
0.21627271175384521
0.11110731959342957
0.1326007843017578
0.0701800286769867
0.09932313859462738
0.04760298132896423
0.05323295667767525
0.13067306578159332
0.27304157614707947
0.10910236090421677
0.15785260498523712
0.09008947759866714
0.05512472987174988
0.026676665991544724
0.07453272491693497
0.07853371649980545
0.0803312361240387
0.16149868071079254
0.12925367057323456
0.08212696760892868
0.02349398098886013
0.07066939771175385
0.04629281908273697
0.018915986642241478
0.047763362526893616
0.01456115860491991
0.01842016540467739
0.025830348953604698
0.10322199761867523
0.037417005747556686
0.13266049325466156
0.32858845591545105
0.11289674043655396
0.03657045215368271
0.006347757298499346
0.0546782910823822
0.0054143983870744705
0.01577181927859783
0.013087120838463306
0.031739626079797745
0.11251501739025116
0.0633641853928566
0.023116659373044968
0.15238535404205322
0.16709928214550018
0.05682450160384178
0.02886073850095272
0.08705414086580276
0.01926012709736824
0.03086087852716446
0.04761277511715889
0.08087483048439026
0.0939609482884407
0.09123314917087555
0.15164391696453094
0.11717548966407776
0.044392652809619904
0.04647813364863396
0.059593383222818375
0.04386333376169205
0.07786465436220169
0.006867541000247002
0.033074233680963516
0.05250358209013939
0.023194927722215652
0.11102048307657242
0.021556252613663673
0.016241034492850304
0.09895803034305573
0.07055039703845978
0.043043352663517
0.03088407963514328
0.056724775582551956
0.034023962914943695
0.11163908988237381
0.14599470794200897
0.056352339684963226
0.0858539342880249
0.04479411989450455
0.06398291140794754
0.04882914572954178
0.01470155268907547
0.0072065312415361404
0.08798643201589584
0.004008186049759388
0.1529502421617508
0.12328772991895676
0.019961519166827202
0.094261035323143
0.04045627638697624
0.10403484106063843
0.05330793932080269
0.05255888029932976
0.05287282168865204
0.1461796909570694
0.0762573704123497
0.07920538634061813
0.014814460650086403
0.04481120407581329
0.0684952586889267
0.04228586703538895
0.05159255489706993
0.1521090865135193
0.15833403170108795
0.07119188457727432
0.023781413212418556
0.028080204501748085
0.05134357139468193
0.1197504922747612
0.0296339001506567
0.09102927893400192
0.067874975502491
0.09736812114715576
0.13937953114509583
0.027820782735943794
0.05755932256579399
0.009105386212468147
0.13399478793144226
0.1816173642873764
0.119231678545475
0.026875896379351616
0.10217955708503723
0.08255139738321304
0.039198070764541626
0.014037982560694218
0.09682130813598633
0.08722611516714096
0.04661686718463898
0.03671592101454735
0.09349869936704636
0.08909865468740463
0.012060382403433323
0.07947710156440735
0.11838923394680023
0.0766678974032402
0.06309547275304794
0.04337753355503082
0.0702390968799591
0.09797204285860062
0.1154983639717102
0.042704980820417404
0.12987419962882996
0.01700875349342823
0.05006532743573189
0.03304151073098183
0.10125817358493805
0.1864500641822815
0.053188443183898926
0.16730497777462006
0.20875264704227448
0.13188250362873077
0.10220368206501007
0.04739775508642197
0.07169361412525177
0.02252941019833088
0.0636163130402565
0.03551054000854492
0.06069201976060867
0.162288635969162
0.05384951829910278
0.028947953134775162
0.05241217836737633
0.12214259058237076
0.008849111385643482
0.05218009650707245
0.015087815001606941
0.010837196372449398
0.015987493097782135
0.08041564375162125
0.005711170379072428
0.17777040600776672
0.03811189532279968
0.09237581491470337
0.10954870283603668
0.09606169164180756
0.08576076477766037
0.1025439202785492
0.020824724808335304
0.10585302114486694
0.014038711786270142
0.003441053908318281
0.06820939481258392
0.06522078067064285
0.022021479904651642
0.13422152400016785
0.051687516272068024
0.0682397112250328
0.14808453619480133
0.052815306931734085
0.06231088191270828
0.007870102301239967
0.033338312059640884
0.059834353625774384
0.05693553760647774
0.20959918200969696
0.049935098737478256
0.12940964102745056
0.061178058385849
0.08403049409389496
0.049487125128507614
0.041704341769218445
0.09277735650539398
0.06765417009592056
0.013502297922968864
0.02137673832476139
0.0211811400949955
0.026021629571914673
0.04432912543416023
0.03348075971007347
0.10727642476558685
0.01917942985892296
0.020007042214274406
0.07551779597997665
0.020175015553832054
0.06586652994155884
0.12215577811002731
0.013456214219331741
0.05512571334838867
0.1852063685655594
0.16559778153896332
0.11634945124387741
0.050637103617191315
0.03938216343522072
0.1288117617368698
0.1656452864408493
0.12435383349657059
0.025263981893658638
0.031757209450006485
0.030148211866617203
0.02423400990664959
0.013456109911203384
0.04142211005091667
0.045844171196222305
0.030429458245635033
0.0722438395023346
0.012425027787685394
0.03323943912982941
0.1054667979478836
0.010484323836863041
0.013110644184052944
0.11229835450649261
0.04087140038609505
0.15586531162261963
0.01732916384935379
0.04159019887447357
0.10612311959266663
0.1472635716199875
0.05099286884069443
0.02578546665608883
0.027922041714191437
0.15213458240032196
0.10554681718349457
0.0071089016273617744
0.026458200067281723
0.11132540553808212
0.016481464728713036
0.08460848033428192
0.0616036020219326
0.039169229567050934
0.1975826919078827
0.01635565608739853
0.061684753745794296
0.012378135696053505
0.014817856252193451
0.03942466154694557
0.13261163234710693
0.05075492709875107
0.048129599541425705
0.0060454001650214195
0.0075587322935462
0.09126567095518112
0.32519832253456116
0.0525149405002594
0.12759026885032654
0.030913367867469788
0.2472779005765915
0.010845488868653774
0.019254351034760475
0.020373480394482613
0.031624797731637955
0.013266344554722309
0.02172818034887314
0.03767810016870499
0.08932201564311981
0.1606636643409729
0.062489114701747894
0.24932128190994263
0.042773060500621796
0.21419870853424072
0.06915318220853806
0.07199230790138245
0.10669616609811783
0.11255110055208206
0.004861896857619286
0.023836657404899597
0.0380806140601635
0.27048617601394653
0.13257059454917908
0.02696560136973858
0.03166353330016136
0.03433992713689804
0.09461960196495056
0.0706755667924881
0.08889850974082947
0.05342850089073181
0.031058091670274734
0.06299290806055069
0.13194961845874786
0.01721685566008091
0.04669780284166336
0.026708707213401794
0.0521063394844532
0.03402202948927879
0.03605907782912254
0.026782948523759842
0.14097344875335693
0.027394147589802742
0.10790005326271057
0.02024117112159729
0.2311358004808426
0.0968705490231514
0.052736639976501465
0.02758810669183731
0.04096570238471031
0.04879328981041908
0.05139251425862312
0.033508382737636566
0.06590999662876129
0.10842582583427429
0.028929049149155617
0.0761488750576973
0.08672203868627548
0.05254127085208893
0.014063050039112568
0.06591759622097015
0.03562232479453087
0.07611941546201706
0.014066562987864017
0.037714820355176926
0.06549213081598282
0.034019798040390015
0.10680181533098221
0.06657169759273529
0.039921849966049194
0.11644768714904785
0.04388822987675667
0.006197052542120218
0.03860490396618843
0.04402024671435356
0.009617292322218418
0.043000876903533936
0.036604009568691254
0.0375986285507679
0.02114861272275448
0.07943390309810638
0.08606315404176712
0.009571125730872154
0.05746715888381004
0.05236458778381348
0.2303396761417389
0.15546837449073792
0.14390739798545837
0.027066528797149658
0.04482448846101761
0.04702309891581535
0.13145165145397186
0.03901565819978714
0.14747346937656403
0.08263592422008514
0.06882631778717041
0.06702526658773422
0.07537536323070526
0.08873410522937775
0.03983868286013603
0.1372697353363037
0.10388783365488052
0.06568561494350433
0.1433611959218979
0.15588948130607605
0.11713660508394241
0.11184566468000412
0.02327238768339157
0.12334548681974411
0.044157471507787704
0.1491992175579071
0.11379609256982803
0.028434423729777336
0.022147484123706818
0.05007437244057655
0.0097664101049304
0.014707833528518677
0.049901340156793594
0.06838418543338776
0.03414972871541977
0.030380260199308395
0.08574916422367096
0.012478004209697247
0.048398736864328384
0.059483859688043594
0.08177848905324936
0.047694653272628784
0.005749878939241171
0.011997805908322334
0.036311909556388855
0.030881235376000404
0.019598141312599182
0.024655122309923172
0.004690129775553942
0.00633892510086298
0.27068325877189636
0.019720740616321564
0.07395347207784653
0.036064714193344116
0.15457426011562347
0.1001729890704155
0.04906248301267624
0.10403835773468018
0.12817862629890442
0.017056893557310104
0.14078126847743988
0.15213683247566223
0.00972528476268053
0.07374203950166702
0.07159779220819473
0.020343972370028496
0.0658457800745964
0.27328965067863464
0.01245041098445654
0.18143580853939056
0.04259181395173073
0.01744408719241619
0.011754967272281647
0.08761540800333023
0.07566695660352707
0.03212618827819824
0.08318159729242325
0.09961716085672379
0.13198909163475037
0.07233656197786331
0.01193219143897295
0.03962067887187004
0.07445366680622101
0.03900966793298721
0.04801846668124199
0.046164676547050476
0.0690167173743248
0.0960339605808258
0.028072455897927284
0.04701736196875572
0.06568939983844757
0.13599996268749237
0.12442678958177567
0.043134819716215134
0.03117535635828972
0.011533001437783241
0.16595372557640076
0.10787025094032288
0.1734778732061386
0.05321965366601944
0.052323464304208755
0.08043202012777328
0.06716882437467575
0.15617118775844574
0.12483326345682144
0.04316117614507675
0.022630920633673668
0.04632716625928879
0.012359038926661015
0.030112287029623985
0.014521519653499126
0.10043454170227051
0.06411037594079971
0.04034443944692612
0.12356512248516083
0.06382523477077484
0.07811382412910461
0.11284470558166504
0.1350954920053482
0.006733400747179985
0.01905781775712967
0.039840105921030045
0.07797877490520477
0.014415874145925045
0.06274912506341934
0.10753823071718216
0.08854012191295624
0.18630492687225342
0.20877815783023834
0.05449580401182175
0.06520560383796692
0.03621097281575203
0.14076872169971466
0.0516628660261631
0.05333715304732323
0.04691603407263756
0.047660548239946365
0.08005798608064651
0.07883584499359131
0.0582762286067009
0.05841647833585739
0.010024423711001873
0.11198575794696808
0.05696897953748703
0.06965583562850952
0.02023012563586235
0.013692589476704597
0.08042299002408981
0.031772106885910034
0.1212800145149231
0.07475731521844864
0.02754920721054077
0.029822926968336105
0.22049832344055176
0.04821433871984482
0.026050381362438202
0.05378222092986107
0.11700781434774399
0.0893695279955864
0.07109852880239487
0.07271868735551834
0.06539063900709152
0.12175336480140686
0.07959502935409546
0.045075755566358566
0.05778857693076134
0.02987757883965969
0.05959909409284592
0.05759597569704056
0.051007840782403946
0.023750239983201027
0.030565885826945305
0.014807258732616901
0.008997946977615356
0.22907894849777222
0.05951162800192833
0.16239456832408905
0.12908044457435608
0.09984579682350159
0.11469504237174988
0.02267586626112461
0.10904864966869354
0.11899405717849731
0.20959308743476868
0.09990230947732925
0.11578149348497391
0.03672148659825325
0.051936835050582886
0.14781108498573303
0.0028647854924201965
0.014554901979863644
0.10846066474914551
0.009247062727808952
0.07922974973917007
0.02872147038578987
0.21179355680942535
0.0051889861933887005
0.027362486347556114
0.15938299894332886
0.08989115804433823
0.1000889390707016
0.07853199541568756
0.036359310150146484
0.032932497560977936
0.048939049243927
0.14514781534671783
0.08893124014139175
0.19870629906654358
0.0626400038599968
0.012043080292642117
0.03588090464472771
0.026744557544589043
0.030748702585697174
0.06710798293352127
0.05167002975940704
0.03269769996404648
0.052947644144296646
0.023770418018102646
0.10955318808555603
0.10405395925045013
0.04584749415516853
0.03656104579567909
0.06198733672499657
0.051878657191991806
0.031614311039447784
0.1673610359430313
0.030649738386273384
0.009550261311233044
0.12765558063983917
0.07040747255086899
0.047487568110227585
0.020298480987548828
0.053434107452631
0.1124386414885521
0.01543157733976841
0.18836650252342224
0.20781616866588593
0.06260784715414047
0.1044902428984642
0.023136772215366364
0.009014123119413853
0.011052094399929047
0.009564540348947048
0.0344296470284462
0.008013860322535038
0.07196489721536636
0.0783320963382721
0.08899185806512833
0.0650620311498642
0.014596469700336456
0.054310087114572525
0.14455421268939972
0.05857592448592186
0.10623179376125336
0.05006662756204605
0.0298962090164423
0.24323056638240814
0.011009820736944675
0.17690497636795044
0.08558133989572525
0.018183467909693718
0.18351994454860687
0.043314799666404724
0.029115650802850723
0.08770023286342621
0.02108529396355152
0.024367833510041237
0.034329768270254135
0.06611274182796478
0.024665934965014458
0.07871430367231369
0.02751089818775654
0.10283570736646652
0.03574855253100395
0.01346445083618164
0.024837302044034004
0.015063297003507614
0.14551088213920593
0.26242631673812866
0.1910567432641983
0.045396700501441956
0.12202510237693787
0.019528008997440338
0.016462283208966255
0.007960188202559948
0.022334616631269455
0.1509874314069748
0.16707195341587067
0.07114343345165253
0.037142690271139145
0.02618500404059887
0.015463990159332752
0.4516485631465912
0.02608848363161087
0.08093933761119843
0.04692346975207329
0.04040487855672836
0.10851380228996277
0.01801041141152382
0.07149975746870041
0.12035194784402847
0.0177293810993433
0.16300687193870544
0.019435159862041473
0.004722820594906807
0.017858585342764854
0.02387268655002117
0.026140199974179268
0.020938346162438393
0.024370510131120682
0.0028864312916994095
0.016549209132790565
0.009575661271810532
0.12984278798103333
0.10861825197935104
0.05446818843483925
0.057649578899145126
0.06386963278055191
0.08507431298494339
0.08019525557756424
0.05031073838472366
0.013160898350179195
0.029564598575234413
0.006077834405004978
0.10553433001041412
0.07660576701164246
0.11010287702083588
0.1681213229894638
0.0209187064319849
0.11773731559515
0.058826372027397156
0.06948800384998322
0.08242689073085785
0.008159874938428402
0.02296232245862484
0.011593129485845566
0.14447680115699768
0.025303399190306664
0.11225101351737976
0.196142315864563
0.2472008913755417
0.01255646999925375
0.05139146372675896
0.10683615505695343
0.11402849107980728
0.08329623937606812
0.022335322573781013
0.03926263749599457
0.06800130754709244
0.059244390577077866
0.017743580043315887
0.13982591032981873
0.05828101560473442
0.057953108102083206
0.04156861826777458
0.059987638145685196
0.03206714987754822
0.1109311431646347
0.07726258784532547
0.04851948469877243
0.02664129063487053
0.053171299397945404
0.039102260023355484
0.015500270761549473
0.14935605227947235
0.04750819876790047
0.013165252283215523
0.029019085690379143
0.018399737775325775
0.020443830639123917
0.13670803606510162
0.03464135155081749
0.035389870405197144
0.013064522296190262
0.1254807412624359
0.04281993582844734
0.054060231894254684
0.09670715034008026
0.04160173982381821
0.021253250539302826
0.24261857569217682
0.022113025188446045
0.007221863139420748
0.08369049429893494
0.009018726646900177
0.0706818625330925
0.12690770626068115
0.011926784180104733
0.050273336470127106
0.019372783601284027
0.08656524866819382
0.08872883766889572
0.022990643978118896
0.05307343974709511
0.047239892184734344
0.13692177832126617
0.033503174781799316
0.0492691844701767
0.08254848420619965
0.029632890596985817
0.023282665759325027
0.0227571539580822
0.010139708407223225
0.015608485788106918
0.06375021487474442
0.002561436267569661
0.020782917737960815
0.04928307980298996
0.0803774893283844
0.017280161380767822
0.058014336973428726
0.05373162403702736
0.012376499362289906
0.1358976811170578
0.046730440109968185
0.07828604429960251
0.02710859477519989
0.032898910343647
0.023454394191503525
0.04631252959370613
0.0630270391702652
0.0015016538091003895
0.041237279772758484
0.002691836329177022
0.010098589584231377
0.029297640547156334
0.018938852474093437
0.030109766870737076
0.0028197839856147766
0.0742429569363594
0.0006241095252335072
0.01789773441851139
0.13088437914848328
0.011403648182749748
0.0002735684684012085
0.00041708204662427306
0.008868505246937275
0.0016972834710031748
0.0016186790307983756
0.12578843533992767
0.10763276368379593
0.01879049651324749
0.0074511063285171986
0.0016464832006022334
0.030527299270033836
0.07411020994186401
0.4908088743686676
0.01839740388095379
0.009047362022101879
0.3132607340812683
0.025250311940908432
0.06164727360010147
0.08316577970981598
0.238097682595253
0.014224306680262089
0.028644798323512077
0.02458702214062214
0.04305486008524895
0.18172596395015717
0.008633182384073734
0.08819561451673508
0.06940785050392151
0.052368540316820145
0.05866162106394768
0.1133178174495697
0.10454957187175751
0.10367748886346817
0.07527578622102737
0.06213787570595741
0.023163486272096634
0.25675734877586365
0.055734600871801376
0.11178309470415115
0.01326676830649376
0.09284728020429611
0.052177514880895615
0.19547972083091736
0.021380381658673286
0.04989143833518028
0.00942017138004303
0.08355974406003952
0.0834946408867836
0.052458178251981735
0.09196130931377411
0.021794775500893593
0.08648186177015305
0.015930138528347015
0.02307126671075821
0.04420166835188866
0.02332674153149128
0.042111534625291824
0.0586436465382576
0.12388719618320465
0.10823078453540802
0.0987415686249733
0.033089809119701385
0.08154025673866272
0.021281041204929352
0.044664107263088226
0.02077736146748066
0.0025723078288137913
0.06065912917256355
0.06914851069450378
0.024601347744464874
0.032602038234472275
0.01758575066924095
0.06427248567342758
0.01421924214810133
0.14542937278747559
0.019412653520703316
0.041995394974946976
0.0030949802603572607
0.006974038202315569
0.021769212558865547
0.03379550948739052
0.0345466285943985
0.026135383173823357
0.04614799842238426
0.017759988084435463
0.04399876669049263
0.15904134511947632
0.016420908272266388
0.00708024762570858
0.17637978494167328
0.025027645751833916
0.010605568066239357
0.012800980359315872
0.01173901092261076
0.15115904808044434
0.0424988716840744
0.11085689067840576
0.07303580641746521
0.06557302922010422
0.07587132602930069
0.08688843995332718
0.016658619046211243
0.01269091572612524
0.026035280898213387
0.028317991644144058
0.028479330241680145
0.06565640866756439
0.1290619820356369
0.03739805892109871
0.09918016195297241
0.011210428550839424
0.01898368075489998
0.03486538678407669
0.019007233902812004
0.03798947483301163
0.005039665848016739
0.01565905474126339
0.031404219567775726
0.013955490663647652
0.02732633613049984
0.008931685239076614
0.08920148015022278
0.02173633500933647
0.08652059733867645
0.15457703173160553
0.10397610068321228
0.06704388558864594
0.0847342386841774
0.02530783787369728
0.012122716754674911
0.14859311282634735
0.11493310332298279
0.019071443006396294
0.013215080834925175
0.041055627167224884
0.09386524558067322
0.05656232312321663
0.029299691319465637
0.015644129365682602
0.05525911599397659
0.06037995219230652
0.07546724379062653
0.06758462637662888
0.04948904365301132
0.01738722063601017
0.18110918998718262
0.05485191196203232
0.11318200081586838
0.05236275494098663
0.07823494076728821
0.03273218497633934
0.04178865626454353
0.0789552628993988
0.19043634831905365
0.047475624829530716
0.06513581424951553
0.08336949348449707
0.0385797917842865
0.0071163238026201725
0.0343010239303112
0.030927665531635284
0.06952836364507675
0.14106909930706024
0.02293788455426693
0.06459283828735352
0.03374054655432701
0.012895595282316208
0.013459887355566025
0.00392557866871357
0.04285915195941925
0.005409704986959696
0.0037819258868694305
0.040138669312000275
0.09841307997703552
0.024602297693490982
0.064852774143219
0.07883108407258987
0.2895822823047638
0.014984878711402416
0.020920444279909134
0.04685124382376671
0.006333343684673309
0.005975055508315563
0.004667914938181639
0.018897810950875282
0.0814821794629097
0.016672465950250626
0.011049214750528336
0.11644289642572403
0.05729883909225464
0.03238752484321594
0.010387183167040348
0.05295367166399956
0.007022128440439701
0.01888691447675228
0.043453726917505264
0.011916919611394405
0.0695306584239006
0.14118973910808563
0.10185813158750534
0.04049133509397507
0.045328326523303986
0.05600498244166374
0.09311186522245407
0.11550839245319366
0.02924116887152195
0.00427707564085722
0.015297492034733295
0.044765107333660126
0.03708977624773979
0.10858768969774246
0.014843227341771126
0.0020360255148261786
0.03215530514717102
0.04987853392958641
0.014464819803833961
0.035468388348817825
0.05359596759080887
0.030399231240153313
0.06980159133672714
0.16761958599090576
0.06456505507230759
0.06514225155115128
0.03559936210513115
0.020621271803975105
0.038605932146310806
0.015820061787962914
0.006969786249101162
0.04506773501634598
0.0017865486443042755
0.10403472185134888
0.050938669592142105
0.027862263843417168
0.10726108402013779
0.028753291815519333
0.08065924048423767
0.04207037761807442
0.022409772500395775
0.009436136111617088
0.08676216751337051
0.06815560907125473
0.03553617745637894
0.007961058057844639
0.02139885537326336
0.019954411312937737
0.014810328371822834
0.08364773541688919
0.14095929265022278
0.13814693689346313
0.018568119034171104
0.028162367641925812
0.018764806911349297
0.03482259064912796
0.06650650501251221
0.012682448141276836
0.06476394832134247
0.1047886461019516
0.047591134905815125
0.03774731233716011
0.016129042953252792
0.03417687118053436
0.007062301505357027
0.03651634603738785
0.10453192889690399
0.07599291205406189
0.022063272073864937
0.10176458954811096
0.04429061710834503
0.01327650435268879
0.029257362708449364
0.019770551472902298
0.10232296586036682
0.029922164976596832
0.03845707327127457
0.061496298760175705
0.10919123888015747
0.0097549082711339
0.05321598798036575
0.07305048406124115
0.04690908268094063
0.03576400503516197
0.03973247483372688
0.035625897347927094
0.04315987229347229
0.04148246347904205
0.02585553377866745
0.07133634388446808
0.004693801049143076
0.015747496858239174
0.019375884905457497
0.05459659919142723
0.15507163107395172
0.029454747214913368
0.1571904718875885
0.16459164023399353
0.06993217766284943
0.013593181036412716
0.037098970264196396
0.05087711662054062
0.02663666568696499
0.03690797835588455
0.0103988666087389
0.044699542224407196
0.07840850204229355
0.052224356681108475
0.008574170060455799
0.03311514854431152
0.06189579889178276
0.003696385771036148
0.021282725036144257
0.0033740256913006306
0.007821123115718365
0.018049011006951332
0.05573892220854759
0.0069778962060809135
0.0616435743868351
0.00818050466477871
0.03892623260617256
0.04540785402059555
0.042586956173181534
0.05819891393184662
0.0840759202837944
0.017848597839474678
0.014104031026363373
0.010272868908941746
0.001876882161013782
0.0200301855802536
0.017602723091840744
0.027667969465255737
0.06964361667633057
0.02235875092446804
0.02439403161406517
0.0762067511677742
0.039396777749061584
0.08402007818222046
0.003835327923297882
0.004387428984045982
0.022095318883657455
0.009560637176036835
0.12127981334924698
0.062057144939899445
0.09222359955310822
0.03717012330889702
0.028898192569613457
0.03146227449178696
0.06689541786909103
0.0624665841460228
0.03780175372958183
0.021680906414985657
0.009324159473180771
0.013956842012703419
0.007752387318760157
0.09317055344581604
0.04420722648501396
0.05339288339018822
0.020382799208164215
0.014382122084498405
0.05013732612133026
0.013139343820512295
0.11209425330162048
0.052257321774959564
0.016906872391700745
0.03368039056658745
0.09528626501560211
0.17073923349380493
0.05623413994908333
0.028460228815674782
0.030011655762791634
0.029731199145317078
0.11745971441268921
0.026777004823088646
0.016279371455311775
0.04954199120402336
0.02462821453809738
0.04196207597851753
0.0067328717559576035
0.017639359459280968
0.019436601549386978
0.038361888378858566
0.03573203459382057
0.007438526023179293
0.022078776732087135
0.08288124203681946
0.00592269329354167
0.006081757135689259
0.09683986753225327
0.0389152467250824
0.11840718239545822
0.03998188674449921
0.03570805490016937
0.08327106386423111
0.12307292968034744
0.05342070013284683
0.015876365825533867
0.019102301448583603
0.07916971296072006
0.06895392388105392
0.014373747631907463
0.013267881236970425
0.05756104364991188
0.011191817931830883
0.032140329480171204
0.037356529384851456
0.024569066241383553
0.14453496038913727
0.006307500880211592
0.033798374235630035
0.0140830148011446
0.015880167484283447
0.017657939344644547
0.09626051038503647
0.02779209613800049
0.01122335996478796
0.002209901809692383
0.001674262690357864
0.03075994923710823
0.2495080828666687
0.023736460134387016
0.09441670775413513
0.048765067011117935
0.163852259516716
0.006862113252282143
0.008752579800784588
0.009540028870105743
0.017256824299693108
0.00985164474695921
0.015880892053246498
0.022134870290756226
0.0633181482553482
0.1414957046508789
0.034563302993774414
0.18324336409568787
0.031386129558086395
0.1328243613243103
0.0729907676577568
0.028516095131635666
0.042645566165447235
0.07602480053901672
0.0031671966426074505
0.009752173908054829
0.009885656647384167
0.19289815425872803
0.10047073662281036
0.005926607642322779
0.015965232625603676
0.01966964453458786
0.06065016984939575
0.0649208277463913
0.03010430932044983
0.057898908853530884
0.009824230335652828
0.03614948317408562
0.14286063611507416
0.017897630110383034
0.014322808012366295
0.010674647055566311
0.022383246570825577
0.020335350185632706
0.031011782586574554
0.053122520446777344
0.036350853741168976
0.033361054956912994
0.027163879945874214
0.007978315465152264
0.1237000823020935
0.06412064284086227
0.014486205764114857
0.016347773373126984
0.008114202879369259
0.043262798339128494
0.06868460774421692
0.035418376326560974
0.015017147175967693
0.04902919754385948
0.059907615184783936
0.029871545732021332
0.0606662817299366
0.04162907227873802
0.007739740423858166
0.013542522676289082
0.05419614538550377
0.0727287232875824
0.020134789869189262
0.031706057488918304
0.051103658974170685
0.05428009480237961
0.08665911108255386
0.057880088686943054
0.04533349722623825
0.041691068559885025
0.017325567081570625
0.010055982507765293
0.010509238578379154
0.026459062471985817
0.004469436593353748
0.034371618181467056
0.027365488931536674
0.023610636591911316
0.013704660348594189
0.01510571502149105
0.1023164615035057
0.012780249118804932
0.030788809061050415
0.015533432364463806
0.1793459802865982
0.08214063942432404
0.13080208003520966
0.012941209599375725
0.013858485966920853
0.027415217831730843
0.12573526799678802
0.05766315013170242
0.10978405177593231
0.05890166014432907
0.028621241450309753
0.054996419697999954
0.05016162246465683
0.04588402807712555
0.019397437572479248
0.12136557698249817
0.028362903743982315
0.020706050097942352
0.17350855469703674
0.09910716861486435
0.10803539305925369
0.03832673281431198
0.009102600626647472
0.06280557811260223
0.024803850799798965
0.0879146009683609
0.09044160693883896
0.007178974337875843
0.017917238175868988
0.03014679253101349
0.015164894983172417
0.007351096719503403
0.04942330718040466
0.04100612550973892
0.012290372513234615
0.016549600288271904
0.028394853696227074
0.009176995605230331
0.05591981112957001
0.0386078804731369
0.03790461644530296
0.00787795428186655
0.001578385941684246
0.011369341053068638
0.05519379675388336
0.013647113926708698
0.007154158316552639
0.005798813886940479
0.002019729698076844
0.005453262943774462
0.24630221724510193
0.010584144853055477
0.04417702928185463
0.03265877813100815
0.08328398317098618
0.13588102161884308
0.07218741625547409
0.05376587063074112
0.0824463963508606
0.010420413687825203
0.11106459051370621
0.11396876722574234
0.004345400724560022
0.07951837033033371
0.030423078685998917
0.015053215436637402
0.033369507640600204
0.2527996301651001
0.005941517651081085
0.17342253029346466
0.009277977980673313
0.059568196535110474
0.019402841106057167
0.056768640875816345
0.025847701355814934
0.025301648303866386
0.06600219011306763
0.08369681239128113
0.06358782202005386
0.05195318162441254
0.004054677207022905
0.03454284742474556
0.07548059523105621
0.0765153169631958
0.011391082778573036
0.004740565083920956
0.06276247650384903
0.07960598170757294
0.030719753354787827
0.05054905638098717
0.05822158232331276
0.08615138381719589
0.07883288711309433
0.06588016450405121
0.018569037318229675
0.02124195545911789
0.10274188220500946
0.10140490531921387
0.11451222002506256
0.015326736494898796
0.014660369604825974
0.03310341387987137
0.057320933789014816
0.12344203889369965
0.11038264632225037
0.016299083828926086
0.016317423433065414
0.026819800958037376
0.014447454363107681
0.028406884521245956
0.01759977638721466
0.08181064575910568
0.06561193615198135
0.03903156518936157
0.12165304273366928
0.04122532531619072
0.08152100443840027
0.11632416397333145
0.061933211982250214
0.002600981155410409
0.0037634538020938635
0.017053863033652306
0.04026219621300697
0.009570233523845673
0.017214491963386536
0.09978333860635757
0.05344222113490105
0.06419380009174347
0.17754454910755157
0.023070339113473892
0.0586073100566864
0.015137290582060814
0.04581911861896515
0.026824485510587692
0.05439324676990509
0.05750475823879242
0.03892897814512253
0.024020351469516754
0.050041306763887405
0.021359138190746307
0.048837434500455856
0.0025129816494882107
0.06941036880016327
0.024596748873591423
0.01991036906838417
0.005747567396610975
0.011522703804075718
0.10886341333389282
0.02729780785739422
0.10461068153381348
0.04405571520328522
0.03273891285061836
0.030736293643712997
0.12466510385274887
0.03346410021185875
0.0036182734183967113
0.03038385882973671
0.04986665025353432
0.06542213261127472
0.045091286301612854
0.04402739927172661
0.016708815470337868
0.09532878547906876
0.032801635563373566
0.012540167197585106
0.024242281913757324
0.012275045737624168
0.0654497966170311
0.048125121742486954
0.045411158353090286
0.011398544535040855
0.004905149340629578
0.017986204475164413
0.0064071472734212875
0.19048145413398743
0.05400542542338371
0.10608009248971939
0.06254827231168747
0.11582885682582855
0.06345313787460327
0.019999874755740166
0.05058717727661133
0.11857409030199051
0.12969109416007996
0.0278113204985857
0.13413305580615997
0.04402923211455345
0.06200613081455231
0.10351510345935822
0.002468697028234601
0.007163133937865496
0.07621379941701889
0.005094750318676233
0.04193316400051117
0.0057522887364029884
0.16335929930210114
0.005991703364998102
0.04444964602589607
0.07042495906352997
0.06502287089824677
0.08466136455535889
0.05473148450255394
0.026110917329788208
0.01967015117406845
0.031522370874881744
0.08315917104482651
0.06839253008365631
0.13962844014167786
0.060304053127765656
0.004847790580242872
0.0380563884973526
0.011118844151496887
0.02379779890179634
0.04591738060116768
0.022797705605626106
0.01899656467139721
0.0405295230448246
0.04049496725201607
0.07850667089223862
0.0453777052462101
0.01805855520069599
0.017099527642130852
0.03258219361305237
0.04754451662302017
0.031534139066934586
0.10328294336795807
0.01718302071094513
0.01043945737183094
0.039296992123126984
0.06617990881204605
0.034245945513248444
0.03141285479068756
0.059137988835573196
0.06548473238945007
0.010654066689312458
0.15287762880325317
0.13988983631134033
0.04160897433757782
0.07059125602245331
0.04818899184465408
0.018037455156445503
0.018223220482468605
0.00751272588968277
0.017658542841672897
0.010652946308255196
0.018226774409413338
0.040611401200294495
0.08438355475664139
0.017461128532886505
0.012219159863889217
0.02671271562576294
0.20771728456020355
0.054675329476594925
0.06555046141147614
0.05991995707154274
0.014044801704585552
0.2638651728630066
0.007024276070296764
0.14794401824474335
0.07528509199619293
0.024185944348573685
0.1060158759355545
0.03552298992872238
0.007251176051795483
0.045025575906038284
0.00866454653441906
0.04397336021065712
0.03833899646997452
0.03428291529417038
0.011182423681020737
0.05345315486192703
0.0299016572535038
0.04936699941754341
0.014427577145397663
0.0027436893433332443
0.015419434756040573
0.007962442934513092
0.1147165521979332
0.19107402861118317
0.1662953794002533
0.019389934837818146
0.11824894696474075
0.023535260930657387
0.009946138598024845
0.01211860403418541
0.013780985958874226
0.093876414000988
0.10247372090816498
0.04541321471333504
0.03439899533987045
0.010513710789382458
0.014700493775308132
0.27313679456710815
0.041045062243938446
0.04890432581305504
0.014895817264914513
0.013068282045423985
0.0780542716383934
0.020924177020788193
0.08318813145160675
0.06009593605995178
0.01621304452419281
0.0988607183098793
0.008630902506411076
0.005765835288912058
0.015980375930666924
0.03494284301996231
0.034420035779476166
0.01054602861404419
0.009038930758833885
0.002194345463067293
0.008260976523160934
0.003952384926378727
0.11313990503549576
0.08558320999145508
0.03076985664665699
0.028093388304114342
0.034946464002132416
0.029987724497914314
0.14588378369808197
0.040167879313230515
0.012560965493321419
0.03145506605505943
0.008595585823059082
0.1080864816904068
0.0388701856136322
0.07823599874973297
0.12849362194538116
0.046515628695487976
0.1045817881822586
0.020782068371772766
0.01902630738914013
0.04809677228331566
0.004201180767267942
0.011752820573747158
0.0276630911976099
0.13643500208854675
0.02307317964732647
0.11075902730226517
0.11731160432100296
0.14108139276504517
0.01626356691122055
0.02284775674343109
0.06198890134692192
0.09727723896503448
0.06356111913919449
0.010105565190315247
0.02842044085264206
0.023008879274129868
0.039721306413412094
0.020372753962874413
0.1174677237868309
0.04752838611602783
0.030478518456220627
0.013910934329032898
0.03634326532483101
0.01530662551522255
0.10264629125595093
0.04961400106549263
0.04852946475148201
0.03118729218840599
0.03126535564661026
0.01574951596558094
0.012653421610593796
0.13303706049919128
0.028282906860113144
0.005049692466855049
0.026575565338134766
0.005656772293150425
0.014396789483726025
0.10772930085659027
0.024889729917049408
0.046379972249269485
0.006981476675719023
0.05691760033369064
0.009910553693771362
0.016409749165177345
0.06465204805135727
0.023895958438515663
0.004826868884265423
0.09877939522266388
0.019025497138500214
0.005733796861022711
0.06978525221347809
0.011517954058945179
0.04428022354841232
0.050577227026224136
0.005286007653921843
0.02848762460052967
0.010951749049127102
0.05086950585246086
0.05883999541401863
0.015101991593837738
0.0501781590282917
0.032788556069135666
0.11047163605690002
0.01966985873878002
0.021065184846520424
0.018391471356153488
0.010354253463447094
0.01248082797974348
0.028716960921883583
0.0019712732173502445
0.005140410736203194
0.05096159130334854
0.0016021989285945892
0.003626027377322316
0.028289489448070526
0.06200994923710823
0.009012595750391483
0.04059695824980736
0.05599658563733101
0.021757695823907852
0.03626231476664543
0.03291860595345497
0.024112502112984657
0.009813861921429634
0.017877105623483658
0.019783714786171913
0.041243426501750946
0.0865827426314354
0.0012126193614676595
0.013425132259726524
0.0013534306781366467
0.022837726399302483
0.033921413123607635
0.035298511385917664
0.003911827225238085
0.0017045264830812812
0.05868988484144211
0.0006374839576892555
0.004815671592950821
0.059608131647109985
0.01614733412861824
0.0002130967186531052
0.00027616252191364765
0.0012849456397816539
0.0032542760018259287
0.004083477426320314
0.04468029737472534
0.01767301931977272
0.006811914499849081
0.0015609345864504576
0.0004166835860814899
0.0020120455883443356
0.040341317653656006
0.3853607773780823
0.009485019370913506
0.0007977617788128555
0.294065922498703
0.0024549311492592096
0.022835418581962585
0.07017838954925537
0.21090510487556458
0.015990862622857094
0.014829353429377079
0.02043008804321289
0.05299191549420357
0.18792714178562164
0.007926369085907936
0.06771011650562286
0.009113640524446964
0.02780146151781082
0.04052700474858284
0.017939042299985886
0.07033316045999527
0.12141017615795135
0.07585268467664719
0.040148671716451645
0.02161320485174656
0.14970985054969788
0.08221181482076645
0.0853816494345665
0.0041959043592214584
0.0592014379799366
0.01218104362487793
0.16746509075164795
0.009365890175104141
0.08034084737300873
0.013654332607984543
0.03524835407733917
0.13877549767494202
0.07027141749858856
0.06915831565856934
0.011946868151426315
0.06763699650764465
0.0030476825777441263
0.016483338549733162
0.06315626949071884
0.011972048319876194
0.007256567012518644
0.04706764593720436
0.09302625805139542
0.07379864901304245
0.04504801705479622
0.036344993859529495
0.10385493189096451
0.018043475225567818
0.058123163878917694
0.0190291628241539
0.0013556168414652348
0.008690433576703072
0.038519155234098434
0.017578590661287308
0.04764816164970398
0.007946510799229145
0.03127984330058098
0.009782573208212852
0.07076489925384521
0.013585932552814484
0.0134064219892025
0.002365328371524811
0.029677333310246468
0.02545938827097416
0.009857936762273312
0.03122960776090622
0.0400041826069355
0.021298496052622795
0.0034282749984413385
0.019610455259680748
0.1326221078634262
0.019550519064068794
0.01019301638007164
0.12060002237558365
0.00404939753934741
0.0024153601843863726
0.010204797610640526
0.0030289951246231794
0.11336847394704819
0.03439043089747429
0.09655504673719406
0.06521108001470566
0.025455201044678688
0.05458753928542137
0.07848044484853745
0.037363942712545395
0.01756218448281288
0.02147761732339859
0.10733695328235626
0.01609843783080578
0.05065147206187248
0.10802324116230011
0.009261051192879677
0.11291873455047607
0.006636439822614193
0.013516711071133614
0.03964979574084282
0.012121180072426796
0.012339187785983086
0.0020464237313717604
0.0020246184431016445
0.017936693504452705
0.010094569064676762
0.01168278232216835
0.001653090468607843
0.027895595878362656
0.004115271847695112
0.07128605246543884
0.1180686503648758
0.12722580134868622
0.038181208074092865
0.05588088557124138
0.00877787172794342
0.014976955018937588
0.1405183970928192
0.07951466739177704
0.04165227338671684
0.014520151540637016
0.046999454498291016
0.05756550654768944
0.031261034309864044
0.020496388897299767
0.02630131132900715
0.0347152054309845
0.08143915235996246
0.08567269891500473
0.057957783341407776
0.03956346958875656
0.06895368546247482
0.16603130102157593
0.018362578004598618
0.11396022140979767
0.01654650643467903
0.13463427126407623
0.03163644298911095
0.01260385848581791
0.03970227390527725
0.17461684346199036
0.007506662048399448
0.08059071749448776
0.04427080228924751
0.032041773200035095
0.0410020612180233
0.060540251433849335
0.04727798327803612
0.06265370547771454
0.07971066981554031
0.08334825932979584
0.06770040839910507
0.037047553807497025
0.013416667468845844
0.012355474755167961
0.012801451608538628
0.022074127569794655
0.003970914054661989
0.015646982938051224
0.007475580554455519
0.07643069326877594
0.07755576819181442
0.04993424192070961
0.04203212261199951
0.301512748003006
0.00439589936286211
0.01767614670097828
0.016087491065263748
0.01962113380432129
0.019986791536211967
0.0011999994749203324
0.0052873603999614716
0.05752408131957054
0.051690421998500824
0.018419714644551277
0.0891253799200058
0.04821671172976494
0.02869785949587822
0.008728967979550362
0.03670911490917206
0.00958237610757351
0.007824528031051159
0.03514792397618294
0.01828841306269169
0.08914293348789215
0.04716746509075165
0.05570218712091446
0.036922939121723175
0.03918689489364624
0.006395737640559673
0.03650808334350586
0.05739229917526245
0.021303288638591766
0.006175508257001638
0.02601551078259945
0.04260508716106415
0.013137271627783775
0.08426949381828308
0.0134124169126153
0.002700817072764039
0.025340747088193893
0.03693956509232521
0.03623119369149208
0.009779328480362892
0.028941530734300613
0.029766971245408058
0.08930599689483643
0.09776370972394943
0.01483954954892397
0.060775741934776306
0.01999562233686447
0.013579209335148335
0.03307326138019562
0.014136248268187046
0.016272516921162605
0.03236117213964462
0.0006622119108214974
0.02377905882894993
0.013338424265384674
0.009758485481142998
0.1009688749909401
0.00894313957542181
0.06469123065471649
0.03166917338967323
0.05627835541963577
0.014620097354054451
0.06416438519954681
0.017861463129520416
0.020482540130615234
0.00478001544252038
0.03259148821234703
0.048270076513290405
0.014914769679307938
0.061106521636247635
0.05901072546839714
0.031603049486875534
0.006907200440764427
0.0033190022222697735
0.047534868121147156
0.01749565079808235
0.03634680435061455
0.011586066335439682
0.01276076678186655
0.10047227889299393
0.029986731708049774
0.031365618109703064
0.016942830756306648
0.030392149463295937
0.009602721780538559
0.0775429978966713
0.07831910997629166
0.0927654430270195
0.005144369322806597
0.06934479624032974
0.034178223460912704
0.004005809314548969
0.011566678062081337
0.009956087917089462
0.06165260076522827
0.02070191688835621
0.018345093354582787
0.03706226497888565
0.01996307075023651
0.004782870411872864
0.07531635463237762
0.08416761457920074
0.04628115892410278
0.034394968301057816
0.02778533287346363
0.026260796934366226
0.024235932156443596
0.029099255800247192
0.044265128672122955
0.05741569772362709
0.0018342584371566772
0.03250173106789589
0.0219440758228302
0.08658462017774582
0.13096089661121368
0.009235580451786518
0.1377025544643402
0.1352926641702652
0.046413205564022064
0.004464843776077032
0.007031270768493414
0.050144486129283905
0.01065654307603836
0.042829085141420364
0.0022381041198968887
0.02917288802564144
0.051461733877658844
0.04223620146512985
0.022610722109675407
0.00964626669883728
0.05727727711200714
0.07304970175027847
0.03203609585762024
0.0062806387431919575
0.024657316505908966
0.010668112896382809
0.00789462961256504
0.003984849900007248
0.17879195511341095
0.01726551726460457
0.13050289452075958
0.017561018466949463
0.08417972177267075
0.06778029352426529
0.0475834496319294
0.012314967811107635
0.07464677840471268
0.035280484706163406
0.002144533907994628
0.011730226688086987
0.05760561302304268
0.07289798557758331
0.07792201638221741
0.016459213569760323
0.0727938711643219
0.06361676007509232
0.016818976029753685
0.08229590952396393
0.002316861879080534
0.004439766984432936
0.005818749312311411
0.04625945910811424
0.11023196578025818
0.055495236068964005
0.1079978197813034
0.013929418288171291
0.038593973964452744
0.04001038521528244
0.013366643339395523
0.04624173417687416
0.0716848373413086
0.025914551690220833
0.010468034073710442
0.007784050889313221
0.014771943911910057
0.036330875009298325
0.02990631014108658
0.05681285262107849
0.02622721716761589
0.0063814218156039715
0.014197908341884613
0.003866369603201747
0.055904023349285126
0.029715372249484062
0.06174834072589874
0.03480685129761696
0.03363678231835365
0.206705704331398
0.01396050862967968
0.019273752346634865
0.017586933448910713
0.05073382705450058
0.06483420729637146
0.12521344423294067
0.010632100515067577
0.007366427686065435
0.007678769528865814
0.037403471767902374
0.026343854144215584
0.008015765808522701
0.026942595839500427
0.012868983671069145
0.0421634241938591
0.003705071285367012
0.010155261494219303
0.03936382755637169
0.013100489042699337
0.005340644624084234
0.08678577840328217
0.04293875768780708
0.08485273271799088
0.011717592366039753
0.01693623512983322
0.1149655431509018
0.08328208327293396
0.06368467956781387
0.01035828236490488
0.02329377643764019
0.09523773193359375
0.08190488070249557
0.007552007678896189
0.015251485630869865
0.02771082893013954
0.0020255791023373604
0.01227634958922863
0.026553519070148468
0.02109493315219879
0.12969212234020233
0.008877539075911045
0.027539843693375587
0.004017805214971304
0.016611803323030472
0.043962378054857254
0.07924260944128036
0.00593033991754055
0.07689984887838364
0.0012384087312966585
0.002295159734785557
0.05302472785115242
0.17432957887649536
0.024343878030776978
0.034044113010168076
0.07386529445648193
0.1313183307647705
0.006954096723347902
0.05193749815225601
0.02043735980987549
0.01602337695658207
0.020328162238001823
0.02967064641416073
0.00308471592143178
0.02707633003592491
0.06814757734537125
0.06726288050413132
0.17394182085990906
0.08619348704814911
0.12028989940881729
0.09197161346673965
0.03072926588356495
0.08364830166101456
0.017527611926198006
0.002569720847532153
0.01000510435551405
0.012091034092009068
0.17389050126075745
0.09311279654502869
0.026011688634753227
0.012188243679702282
0.007410781923681498
0.09512893110513687
0.027123313397169113
0.021906759589910507
0.04568449407815933
0.0045887744054198265
0.02072610892355442
0.166220560669899
0.02738514542579651
0.016396092250943184
0.0067723458632826805
0.02165229432284832
0.022479256615042686
0.04458083584904671
0.01819862239062786
0.04469802975654602
0.021989740431308746
0.0407680943608284
0.005746739450842142
0.07204246520996094
0.06551267951726913
0.04507530853152275
0.008047283627092838
0.0042302911169826984
0.019648175686597824
0.05827956646680832
0.03091728501021862
0.011066270992159843
0.03327195346355438
0.020839162170886993
0.02872270904481411
0.03913934528827667
0.005733545403927565
0.005776450037956238
0.01310361921787262
0.015599076636135578
0.05573179945349693
0.015060671605169773
0.017292030155658722
0.03503206744790077
0.04810386896133423
0.0289484653621912
0.03168110176920891
0.03549341484904289
0.02415861189365387
0.0033420310355722904
0.0035631300415843725
0.009973078966140747
0.026373768225312233
0.01597202569246292
0.023253463208675385
0.01785644330084324
0.016587281599640846
0.0067045558243989944
0.00578270573168993
0.08537252247333527
0.004366214387118816
0.03290031477808952
0.022178662940859795
0.06642208248376846
0.043013229966163635
0.11850211769342422
0.00789096299558878
0.0309887882322073
0.046045612543821335
0.13914722204208374
0.029298929497599602
0.12851963937282562
0.040877167135477066
0.01452542096376419
0.005344051867723465
0.05275946483016014
0.043206408619880676
0.04107585549354553
0.04735013097524643
0.033934611827135086
0.01468163076788187
0.1944449543952942
0.08911768347024918
0.03275953605771065
0.027286292985081673
0.00212399335578084
0.011038361117243767
0.10021723806858063
0.021524859592318535
0.08725915104150772
0.0033416487276554108
0.0002828931319527328
0.028478750959038734
0.01997072622179985
0.012921732850372791
0.02544291503727436
0.031202206388115883
0.016332807019352913
0.05994086712598801
0.03356221318244934
0.007653266191482544
0.1164153516292572
0.056437261402606964
0.028790393844246864
0.0029592346400022507
0.0026990417391061783
0.008338532410562038
0.0504530631005764
0.02813783660531044
0.004096630960702896
0.00221854611299932
0.000893794815056026
0.001444532535970211
0.22002553939819336
0.006641366519033909
0.019161328673362732
0.007326744496822357
0.10786668956279755
0.15657663345336914
0.05482008680701256
0.03663521260023117
0.06676778942346573
0.0063141281716525555
0.04691384360194206
0.10548905283212662
0.0018807719461619854
0.07838493585586548
0.013666056096553802
0.01109673734754324
0.018481720238924026
0.1969451606273651
0.00660279393196106
0.1844322830438614
0.010739298537373543
0.013447458855807781
0.004317416809499264
0.05353391543030739
0.05853896960616112
0.009236004203557968
0.046529415994882584
0.07818735390901566
0.019305603578686714
0.038320258259773254
0.002738862531259656
0.014920461922883987
0.04435074329376221
0.012106702663004398
0.015477126464247704
0.0035518785007297993
0.03858175128698349
0.059793367981910706
0.01780257560312748
0.02527804858982563
0.024737995117902756
0.08141671121120453
0.0752810537815094
0.01739124394953251
0.04890602082014084
0.011857329867780209
0.09585828334093094
0.06658611446619034
0.1225118488073349
0.003933528438210487
0.006876474246382713
0.022323569282889366
0.0630204975605011
0.10175131261348724
0.06427154690027237
0.005764512345194817
0.0307468194514513
0.09153508394956589
0.0040418049320578575
0.02666204795241356
0.006630235351622105
0.03530047461390495
0.08629128336906433
0.027702854946255684
0.11282209306955338
0.04148660600185394
0.04850677773356438
0.1477256566286087
0.041868336498737335
0.0028520971536636353
0.003808192443102598
0.021357804536819458
0.025221239775419235
0.013245966285467148
0.009078683331608772
0.06134551391005516
0.035580042749643326
0.10455621778964996
0.2159646898508072
0.012064122594892979
0.022596629336476326
0.013513314537703991
0.033460963517427444
0.03030833974480629
0.07392850518226624
0.044850993901491165
0.06741175800561905
0.05104134604334831
0.057328227907419205
0.0387631356716156
0.0033882171846926212
0.003040235722437501
0.08726044744253159
0.008442477323114872
0.052555494010448456
0.010637444444000721
0.0039169322699308395
0.020610075443983078
0.030997594818472862
0.11808431893587112
0.006619126535952091
0.007201571017503738
0.028807401657104492
0.12519365549087524
0.02244565635919571
0.0021043289452791214
0.02959304489195347
0.03693537786602974
0.05308248847723007
0.05569300055503845
0.02958640456199646
0.05695231258869171
0.10114561766386032
0.030161600559949875
0.032301295548677444
0.030912281945347786
0.008818991482257843
0.03876136615872383
0.051261041313409805
0.03493893891572952
0.012235465459525585
0.04376126080751419
0.05107324197888374
0.0022947005927562714
0.17019084095954895
0.07216961681842804
0.07483676075935364
0.03117784485220909
0.09272164851427078
0.03162487968802452
0.013143358752131462
0.044227488338947296
0.08374083042144775
0.07707646489143372
0.017246009781956673
0.09027151763439178
0.08687229454517365
0.005625884514302015
0.06248217448592186
0.00829243753105402
0.010360270738601685
0.08777529746294022
0.004802502691745758
0.03921804577112198
0.0030999043956398964
0.2240133285522461
0.007167547009885311
0.06986790150403976
0.12238110601902008
0.06692888587713242
0.01764691062271595
0.05861949548125267
0.017378713935613632
0.012466716580092907
0.044575851410627365
0.05170609429478645
0.13925224542617798
0.13212153315544128
0.09144196659326553
0.0034557762555778027
0.0437687523663044
0.015649985522031784
0.01177999284118414
0.05071151629090309
0.012833180837333202
0.024455739185214043
0.03406202048063278
0.005592632573097944
0.10005691647529602
0.04322544485330582
0.011301878839731216
0.03048260137438774
0.0436517633497715
0.06051575019955635
0.03212586045265198
0.03870096802711487
0.03111899085342884
0.006308580748736858
0.03853889927268028
0.06326835602521896
0.03672366216778755
0.04262499883770943
0.043520260602235794
0.06720328330993652
0.007361801341176033
0.17394302785396576
0.1329491138458252
0.02720295637845993
0.0442383736371994
0.03575431555509567
0.014320777729153633
0.004176957532763481
0.005570084322243929
0.03528539091348648
0.0191185362637043
0.043058011680841446
0.007340853102505207
0.10727865248918533
0.012381954118609428
0.013322055339813232
0.025352133437991142
0.17060819268226624
0.05550939589738846
0.04885347932577133
0.03281942009925842
0.010389178991317749
0.1224878802895546
0.009238907136023045
0.1554846316576004
0.028410011902451515
0.007347295060753822
0.11716214567422867
0.0510607585310936
0.009708956815302372
0.06031487137079239
0.009563147090375423
0.01625095307826996
0.05033817142248154
0.045045845210552216
0.02413294091820717
0.05539023131132126
0.0302596278488636
0.03151692450046539
0.03394397348165512
0.0026557387318462133
0.006172588095068932
0.02311611920595169
0.07815174758434296
0.13922977447509766
0.18028204143047333
0.022909894585609436
0.07232418656349182
0.01584884524345398
0.010402263142168522
0.0020170416682958603
0.014071223326027393
0.07077659666538239
0.07230173051357269
0.03312641754746437
0.0137415062636137
0.009039475582540035
0.006237449590116739
0.18877163529396057
0.03392726555466652
0.06097719073295593
0.0036922460421919823
0.007068358827382326
0.02518140710890293
0.012894012033939362
0.03729592636227608
0.11758320778608322
0.009016036055982113
0.09332941472530365
0.027730591595172882
0.022860633209347725
0.028493845835328102
0.020975926890969276
0.012350947596132755
0.010884510353207588
0.03596401587128639
0.0034415137488394976
0.021165424957871437
0.0016243611462414265
0.10117980092763901
0.05489061772823334
0.03130621835589409
0.016029663383960724
0.013567759655416012
0.037213053554296494
0.09055639803409576
0.02519797347486019
0.00917917862534523
0.008206467144191265
0.004219877999275923
0.08004311472177505
0.02383517473936081
0.1200001984834671
0.10380954295396805
0.012671463191509247
0.040028151124715805
0.015290160663425922
0.020883874967694283
0.05929390341043472
0.013314560987055302
0.007189447060227394
0.0490998849272728
0.11123857647180557
0.011397406458854675
0.035816024988889694
0.11184687167406082
0.11695801466703415
0.02578429877758026
0.011988047510385513
0.013877451419830322
0.10940612107515335
0.006756369955837727
0.004162910394370556
0.019903315231204033
0.01298542134463787
0.07068168371915817
0.003441017586737871
0.08860115706920624
0.02262970432639122
0.02216191776096821
0.027522584423422813
0.013069301843643188
0.03715604543685913
0.0485248789191246
0.028204282745718956
0.03550145775079727
0.02363763563334942
0.03870062902569771
0.007727616000920534
0.009514116682112217
0.0859433189034462
0.017857609316706657
0.011704815551638603
0.012290960177779198
0.009694183245301247
0.007497204467654228
0.06174109876155853
0.014862654730677605
0.022657616063952446
0.005920316558331251
0.0508805587887764
0.040021177381277084
0.027936089783906937
0.057131871581077576
0.0071366922929883
0.0645737573504448
0.06995915621519089
0.009250370785593987
0.0026088268496096134
0.03564610332250595
0.009871670044958591
0.036749210208654404
0.010828446596860886
0.0082774106413126
0.005043787881731987
0.00370402866974473
0.020006494596600533
0.02607322856783867
0.014488901942968369
0.03478338196873665
0.023859841749072075
0.09665956348180771
0.03006194718182087
0.02746068313717842
0.018197285011410713
0.01089361123740673
0.019749915227293968
0.0036040449049323797
0.0006348045426420867
0.004010408651083708
0.05898744612932205
0.002228772733360529
0.0030064887832850218
0.009456126019358635
0.11656437069177628
0.006391066592186689
0.07913616299629211
0.08468040078878403
0.026795540004968643
0.10135768353939056
0.014408952556550503
0.03158245235681534
0.13186059892177582
0.03127129375934601
0.02185967192053795
0.1153373122215271
0.07987229526042938
0.0023133272770792246
0.04013507813215256
0.0013983615208417177
0.0020440714433789253
0.011904411017894745
0.004981995560228825
0.007545041386038065
0.0022332100197672844
0.026023590937256813
0.000665501516778022
0.005924158729612827
0.029498282819986343
0.0008715820731595159
0.00018848774197977036
0.0004280058783479035
0.00031099020270630717
0.016483815386891365
0.0006616335595026612
0.12733052670955658
0.017766518518328667
0.02833610214293003
0.003181834239512682
0.005779694765806198
0.009520337916910648
0.0730537623167038
0.3873315453529358
0.01198953203856945
0.0006384760490618646
0.24317225813865662
0.007249591872096062
